0 0 1 0
0.0100503 0.00994958 0.980001 5.01662e-05
0.0201005 0.0196992 0.960203 0.000199322
0.0301508 0.0292508 0.940607 0.000445466
0.040201 0.0386065 0.921214 0.000786621
0.0502513 0.0477684 0.902022 0.00122083
0.0603015 0.0567383 0.883031 0.00174615
0.0703518 0.0655184 0.864242 0.00236066
0.080402 0.0741107 0.845654 0.00306247
0.0904523 0.0825171 0.827266 0.0038497
0.100503 0.0907398 0.809079 0.00472049
0.110553 0.0987807 0.791093 0.00567301
0.120603 0.106642 0.773305 0.00670543
0.130653 0.114325 0.755718 0.00781597
0.140704 0.121833 0.738329 0.00900284
0.150754 0.129167 0.721138 0.0102643
0.160804 0.136329 0.704145 0.0115986
0.170854 0.143321 0.68735 0.013004
0.180905 0.150145 0.670751 0.0144788
0.190955 0.156804 0.654349 0.0160214
0.201005 0.163299 0.638142 0.0176301
0.211055 0.169632 0.62213 0.0193033
0.221106 0.175805 0.606312 0.0210393
0.231156 0.18182 0.590688 0.0228365
0.241206 0.187678 0.575256 0.0246934
0.251256 0.193383 0.560017 0.0266084
0.261307 0.198936 0.544969 0.02858
0.271357 0.204338 0.530111 0.0306066
0.281407 0.209592 0.515443 0.0326868
0.291457 0.214699 0.500964 0.034819
0.301508 0.219662 0.486672 0.0370019
0.311558 0.224482 0.472568 0.0392339
0.321608 0.229162 0.45865 0.0415136
0.331658 0.233702 0.444917 0.0438397
0.341709 0.238105 0.431368 0.0462107
0.351759 0.242373 0.418003 0.0486253
0.361809 0.246508 0.40482 0.0510821
0.371859 0.250511 0.391819 0.0535797
0.38191 0.254384 0.378998 0.056117
0.39196 0.25813 0.366356 0.0586926
0.40201 0.261749 0.353892 0.0613051
0.41206 0.265244 0.341606 0.0639534
0.422111 0.268616 0.329496 0.0666362
0.432161 0.271867 0.317561 0.0693523
0.442211 0.275 0.3058 0.0721005
0.452261 0.278015 0.294212 0.0748796
0.462312 0.280914 0.282795 0.0776884
0.472362 0.283699 0.27155 0.0805257
0.482412 0.286373 0.260474 0.0833905
0.492462 0.288936 0.249566 0.0862816
0.502513 0.29139 0.238825 0.0891979
0.512563 0.293737 0.22825 0.0921383
0.522613 0.295978 0.21784 0.0951018
0.532663 0.298116 0.207594 0.0980873
0.542714 0.300151 0.19751 0.101094
0.552764 0.302086 0.187587 0.10412
0.562814 0.303923 0.177824 0.107165
0.572864 0.305661 0.16822 0.110229
0.582915 0.307304 0.158773 0.113309
0.592965 0.308853 0.149482 0.116405
0.603015 0.31031 0.140347 0.119517
0.613065 0.311675 0.131365 0.122643
0.623116 0.312951 0.122536 0.125781
0.633166 0.314138 0.113858 0.128933
0.643216 0.31524 0.10533 0.132095
0.653266 0.316256 0.0969501 0.135269
0.663317 0.317189 0.0887179 0.138452
0.673367 0.31804 0.0806318 0.141644
0.683417 0.31881 0.0726904 0.144845
0.693467 0.319501 0.0648926 0.148052
0.703518 0.320115 0.057237 0.151266
0.713568 0.320652 0.0497222 0.154486
0.723618 0.321115 0.0423471 0.157711
0.733668 0.321504 0.0351103 0.160941
0.743719 0.321821 0.0280104 0.164174
0.753769 0.322068 0.0210463 0.167409
0.763819 0.322245 0.0142165 0.170647
0.773869 0.322354 0.00751974 0.173886
0.78392 0.322396 0.00095478 0.177126
0.79397 0.322373 -0.00547973 0.180366
0.80402 0.322287 -0.0117851 0.183606
0.81407 0.322137 -0.0179626 0.186844
0.824121 0.321926 -0.0240136 0.190081
0.834171 0.321655 -0.0299394 0.193315
0.844221 0.321325 -0.0357413 0.196546
0.854271 0.320937 -0.0414206 0.199774
0.864322 0.320492 -0.0469786 0.202997
0.874372 0.319993 -0.0524166 0.206216
0.884422 0.319439 -0.0577359 0.209429
0.894472 0.318833 -0.0629377 0.212636
0.904523 0.318174 -0.0680235 0.215837
0.914573 0.317466 -0.0729945 0.219032
0.924623 0.316708 -0.0778519 0.222218
0.934673 0.315901 -0.0825972 0.225397
0.944724 0.315048 -0.0872314 0.228568
0.954774 0.314148 -0.091756 0.23173
0.964824 0.313204 -0.0961722 0.234882
0.974874 0.312215 -0.100481 0.238025
0.984925 0.311184 -0.104685 0.241158
0.994975 0.310112 -0.108783 0.24428
1.00503 0.308998 -0.112779 0.247391
1.01508 0.307845 -0.116672 0.250491
1.02513 0.306653 -0.120464 0.253579
1.03518 0.305424 -0.124157 0.256655
1.04523 0.304158 -0.127752 0.259718
1.05528 0.302856 -0.131249 0.262768
1.06533 0.30152 -0.134651 0.265805
1.07538 0.30015 -0.137958 0.268829
1.08543 0.298747 -0.141172 0.271838
1.09548 0.297313 -0.144293 0.274834
1.10553 0.295847 -0.147324 0.277814
1.11558 0.294352 -0.150264 0.28078
1.12563 0.292827 -0.153117 0.283731
1.13568 0.291274 -0.155881 0.286666
1.14573 0.289694 -0.15856 0.289586
1.15578 0.288088 -0.161153 0.292489
1.16583 0.286455 -0.163663 0.295376
1.17588 0.284798 -0.16609 0.298247
1.18593 0.283117 -0.168436 0.301101
1.19598 0.281413 -0.170701 0.303938
1.20603 0.279686 -0.172887 0.306757
1.21608 0.277938 -0.174995 0.309559
1.22613 0.276169 -0.177026 0.312344
1.23618 0.27438 -0.178981 0.31511
1.24623 0.272572 -0.180861 0.317859
1.25628 0.270745 -0.182668 0.320589
1.26633 0.2689 -0.184402 0.323301
1.27638 0.267038 -0.186065 0.325994
1.28643 0.26516 -0.187658 0.328669
1.29648 0.263267 -0.189181 0.331324
1.30653 0.261358 -0.190637 0.33396
1.31658 0.259435 -0.192025 0.336577
1.32663 0.257498 -0.193347 0.339175
1.33668 0.255549 -0.194604 0.341753
1.34673 0.253587 -0.195797 0.344312
1.35678 0.251613 -0.196928 0.34685
1.36683 0.249629 -0.197996 0.349369
1.37688 0.247634 -0.199004 0.351868
1.38693 0.245629 -0.199951 0.354347
1.39698 0.243615 -0.20084 0.356805
1.40704 0.241592 -0.201671 0.359243
1.41709 0.239561 -0.202445 0.361661
1.42714 0.237523 -0.203164 0.364059
1.43719 0.235478 -0.203827 0.366436
1.44724 0.233426 -0.204436 0.368792
1.45729 0.231369 -0.204993 0.371128
1.46734 0.229306 -0.205497 0.373443
1.47739 0.227238 -0.20595 0.375737
1.48744 0.225166 -0.206353 0.37801
1.49749 0.223091 -0.206707 0.380263
1.50754 0.221012 -0.207012 0.382494
1.51759 0.21893 -0.20727 0.384705
1.52764 0.216846 -0.207481 0.386895
1.53769 0.214759 -0.207647 0.389064
1.54774 0.212672 -0.207767 0.391212
1.55779 0.210583 -0.207844 0.393339
1.56784 0.208494 -0.207878 0.395445
1.57789 0.206405 -0.207869 0.397529
1.58794 0.204316 -0.207819 0.399593
1.59799 0.202228 -0.207729 0.401636
1.60804 0.200141 -0.207598 0.403658
1.61809 0.198055 -0.207429 0.405659
1.62814 0.195972 -0.207222 0.407639
1.63819 0.19389 -0.206977 0.409598
1.64824 0.191811 -0.206696 0.411537
1.65829 0.189736 -0.206379 0.413454
1.66834 0.187663 -0.206027 0.41535
1.67839 0.185594 -0.205641 0.417226
1.68844 0.18353 -0.205221 0.419081
1.69849 0.181469 -0.204769 0.420915
1.70854 0.179414 -0.204285 0.422729
1.71859 0.177363 -0.20377 0.424521
1.72864 0.175318 -0.203224 0.426294
1.73869 0.173279 -0.202648 0.428045
1.74874 0.171245 -0.202043 0.429777
1.75879 0.169217 -0.20141 0.431488
1.76884 0.167197 -0.200749 0.433178
1.77889 0.165182 -0.200061 0.434848
1.78894 0.163175 -0.199347 0.436498
1.79899 0.161175 -0.198608 0.438128
1.80905 0.159183 -0.197843 0.439738
1.8191 0.157199 -0.197054 0.441328
1.82915 0.155222 -0.196241 0.442898
1.8392 0.153254 -0.195405 0.444448
1.84925 0.151295 -0.194546 0.445978
1.8593 0.149344 -0.193666 0.447489
1.86935 0.147402 -0.192765 0.44898
1.8794 0.145469 -0.191843 0.450452
1.88945 0.143546 -0.190901 0.451904
1.8995 0.141632 -0.189939 0.453337
1.90955 0.139728 -0.188959 0.454751
1.9196 0.137834 -0.18796 0.456146
1.92965 0.13595 -0.186944 0.457522
1.9397 0.134077 -0.185911 0.458879
1.94975 0.132213 -0.18486 0.460217
1.9598 0.130361 -0.183794 0.461536
1.96985 0.128519 -0.182713 0.462837
1.9799 0.126688 -0.181616 0.46412
1.98995 0.124868 -0.180505 0.465384
2 0.12306 -0.179379 0.46663
