0.5	 0.840188	 0.717285
0.51	 0.83773	 0.717285
0.52	 0.835272	 0.717285
0.53	 0.832814	 0.717285
0.54	 0.830356	 0.717285
0.55	 0.827897	 0.717285
0.56	 0.825439	 0.717285
0.57	 0.822981	 0.717285
0.58	 0.820523	 0.717285
0.59	 0.818065	 0.717285
0.6	 0.815607	 0.717285
0.61	 0.813149	 0.717285
0.62	 0.810691	 0.717285
0.63	 0.808233	 0.717285
0.64	 0.805775	 0.717285
0.65	 0.803317	 0.717285
0.66	 0.800859	 0.717285
0.67	 0.798401	 0.717285
0.68	 0.795943	 0.717285
0.69	 0.793485	 0.717285
0.7	 0.791027	 0.717285
0.71	 0.788569	 0.717285
0.72	 0.786111	 0.717285
0.73	 0.783653	 0.717285
0.74	 0.781195	 0.717285
0.75	 0.778737	 0.717285
0.76	 0.776278	 0.717285
0.77	 0.77382	 0.717285
0.78	 0.771362	 0.717285
0.79	 0.768904	 0.717285
0.8	 0.766446	 0.717285
0.81	 0.763988	 0.717285
0.82	 0.76153	 0.717285
0.83	 0.759072	 0.717285
0.84	 0.756614	 0.717285
0.85	 0.754156	 0.717285
0.86	 0.751698	 0.717285
0.87	 0.74924	 0.717285
0.88	 0.746782	 0.717285
0.89	 0.744324	 0.717285
0.9	 0.741866	 0.717285
0.91	 0.739408	 0.717285
0.92	 0.73695	 0.717285
0.93	 0.734492	 0.717285
0.94	 0.732034	 0.717285
0.95	 0.729576	 0.717285
0.96	 0.727118	 0.717285
0.97	 0.724659	 0.717285
0.98	 0.722201	 0.717285
0.99	 0.719743	 0.717285
1	 0.717285	 0.717285
1.01	 0.714827	 0.717285
1.02	 0.712369	 0.717285
1.03	 0.709911	 0.717285
1.04	 0.707453	 0.717285
1.05	 0.704995	 0.717285
1.06	 0.702537	 0.717285
1.07	 0.700079	 0.717285
1.08	 0.697621	 0.717285
1.09	 0.695163	 0.717285
1.1	 0.692705	 0.717285
1.11	 0.690247	 0.717285
1.12	 0.687789	 0.717285
1.13	 0.685331	 0.717285
1.14	 0.682873	 0.717285
1.15	 0.680415	 0.717285
1.16	 0.677957	 0.717285
1.17	 0.675499	 0.717285
1.18	 0.67304	 0.717285
1.19	 0.670582	 0.717285
1.2	 0.668124	 0.717285
1.21	 0.665666	 0.717285
1.22	 0.663208	 0.717285
1.23	 0.66075	 0.717285
1.24	 0.658292	 0.717285
1.25	 0.655834	 0.717285
1.26	 0.653376	 0.717285
1.27	 0.650918	 0.717285
1.28	 0.64846	 0.717285
1.29	 0.646002	 0.717285
1.3	 0.643544	 0.717285
1.31	 0.641086	 0.717285
1.32	 0.638628	 0.717285
1.33	 0.63617	 0.717285
1.34	 0.633712	 0.717285
1.35	 0.631254	 0.717285
1.36	 0.628796	 0.717285
1.37	 0.626338	 0.717285
1.38	 0.62388	 0.717285
1.39	 0.621421	 0.717285
1.4	 0.618963	 0.717285
1.41	 0.616505	 0.717285
1.42	 0.614047	 0.717285
1.43	 0.611589	 0.717285
1.44	 0.609131	 0.717285
1.45	 0.606673	 0.717285
1.46	 0.604215	 0.717285
1.47	 0.601757	 0.717285
1.48	 0.599299	 0.717285
1.49	 0.596841	 0.717285
1.5	 0.594383	 1.60603
1.51	 0.60027	 1.60603
1.52	 0.606157	 1.60603
1.53	 0.612044	 1.60603
1.54	 0.617932	 1.60603
1.55	 0.623819	 1.60603
1.56	 0.629706	 1.60603
1.57	 0.635593	 1.60603
1.58	 0.64148	 1.60603
1.59	 0.647367	 1.60603
1.6	 0.653255	 1.60603
1.61	 0.659142	 1.60603
1.62	 0.665029	 1.60603
1.63	 0.670916	 1.60603
1.64	 0.676803	 1.60603
1.65	 0.68269	 1.60603
1.66	 0.688578	 1.60603
1.67	 0.694465	 1.60603
1.68	 0.700352	 1.60603
1.69	 0.706239	 1.60603
1.7	 0.712126	 1.60603
1.71	 0.718013	 1.60603
1.72	 0.723901	 1.60603
1.73	 0.729788	 1.60603
1.74	 0.735675	 1.60603
1.75	 0.741562	 1.60603
1.76	 0.747449	 1.60603
1.77	 0.753336	 1.60603
1.78	 0.759223	 1.60603
1.79	 0.765111	 1.60603
1.8	 0.770998	 1.60603
1.81	 0.776885	 1.60603
1.82	 0.782772	 1.60603
1.83	 0.788659	 1.60603
1.84	 0.794546	 1.60603
1.85	 0.800434	 1.60603
1.86	 0.806321	 1.60603
1.87	 0.812208	 1.60603
1.88	 0.818095	 1.60603
1.89	 0.823982	 1.60603
1.9	 0.829869	 1.60603
1.91	 0.835757	 1.60603
1.92	 0.841644	 1.60603
1.93	 0.847531	 1.60603
1.94	 0.853418	 1.60603
1.95	 0.859305	 1.60603
1.96	 0.865192	 1.60603
1.97	 0.87108	 1.60603
1.98	 0.876967	 1.60603
1.99	 0.882854	 1.60603
2	 0.888741	 1.60603
2.01	 0.894628	 1.60603
2.02	 0.900515	 1.60603
2.03	 0.906403	 1.60603
2.04	 0.91229	 1.60603
2.05	 0.918177	 1.60603
2.06	 0.924064	 1.60603
2.07	 0.929951	 1.60603
2.08	 0.935838	 1.60603
2.09	 0.941726	 1.60603
2.1	 0.947613	 1.60603
2.11	 0.9535	 1.60603
2.12	 0.959387	 1.60603
2.13	 0.965274	 1.60603
2.14	 0.971161	 1.60603
2.15	 0.977049	 1.60603
2.16	 0.982936	 1.60603
2.17	 0.988823	 1.60603
2.18	 0.99471	 1.60603
2.19	 1.0006	 1.60603
2.2	 1.00648	 1.60603
2.21	 1.01237	 1.60603
2.22	 1.01826	 1.60603
2.23	 1.02415	 1.60603
2.24	 1.03003	 1.60603
2.25	 1.03592	 1.60603
2.26	 1.04181	 1.60603
2.27	 1.04769	 1.60603
2.28	 1.05358	 1.60603
2.29	 1.05947	 1.60603
2.3	 1.06536	 1.60603
2.31	 1.07124	 1.60603
2.32	 1.07713	 1.60603
2.33	 1.08302	 1.60603
2.34	 1.0889	 1.60603
2.35	 1.09479	 1.60603
2.36	 1.10068	 1.60603
2.37	 1.10657	 1.60603
2.38	 1.11245	 1.60603
2.39	 1.11834	 1.60603
2.4	 1.12423	 1.60603
2.41	 1.13011	 1.60603
2.42	 1.136	 1.60603
2.43	 1.14189	 1.60603
2.44	 1.14778	 1.60603
2.45	 1.15366	 1.60603
2.46	 1.15955	 1.60603
2.47	 1.16544	 1.60603
2.48	 1.17132	 1.60603
2.49	 1.17721	 1.60603
2.5	 1.1831	 1.60603
2.51	 1.18525	 2.8968
2.52	 1.18741	 2.8968
2.53	 1.18956	 2.8968
2.54	 1.19171	 2.8968
2.55	 1.19387	 2.8968
2.56	 1.19602	 2.8968
2.57	 1.19817	 2.8968
2.58	 1.20033	 2.8968
2.59	 1.20248	 2.8968
2.6	 1.20463	 2.8968
2.61	 1.20679	 2.8968
2.62	 1.20894	 2.8968
2.63	 1.21109	 2.8968
2.64	 1.21325	 2.8968
2.65	 1.2154	 2.8968
2.66	 1.21755	 2.8968
2.67	 1.21971	 2.8968
2.68	 1.22186	 2.8968
2.69	 1.22401	 2.8968
2.7	 1.22617	 2.8968
2.71	 1.22832	 2.8968
2.72	 1.23047	 2.8968
2.73	 1.23263	 2.8968
2.74	 1.23478	 2.8968
2.75	 1.23693	 2.8968
2.76	 1.23909	 2.8968
2.77	 1.24124	 2.8968
2.78	 1.24339	 2.8968
2.79	 1.24555	 2.8968
2.8	 1.2477	 2.8968
2.81	 1.24985	 2.8968
2.82	 1.25201	 2.8968
2.83	 1.25416	 2.8968
2.84	 1.25632	 2.8968
2.85	 1.25847	 2.8968
2.86	 1.26062	 2.8968
2.87	 1.26278	 2.8968
2.88	 1.26493	 2.8968
2.89	 1.26708	 2.8968
2.9	 1.26924	 2.8968
2.91	 1.27139	 2.8968
2.92	 1.27354	 2.8968
2.93	 1.2757	 2.8968
2.94	 1.27785	 2.8968
2.95	 1.28	 2.8968
2.96	 1.28216	 2.8968
2.97	 1.28431	 2.8968
2.98	 1.28646	 2.8968
2.99	 1.28862	 2.8968
3	 1.29077	 2.8968
3.01	 1.29292	 2.8968
3.02	 1.29508	 2.8968
3.03	 1.29723	 2.8968
3.04	 1.29938	 2.8968
3.05	 1.30154	 2.8968
3.06	 1.30369	 2.8968
3.07	 1.30584	 2.8968
3.08	 1.308	 2.8968
3.09	 1.31015	 2.8968
3.1	 1.3123	 2.8968
3.11	 1.31446	 2.8968
3.12	 1.31661	 2.8968
3.13	 1.31876	 2.8968
3.14	 1.32092	 2.8968
3.15	 1.32307	 2.8968
3.16	 1.32522	 2.8968
3.17	 1.32738	 2.8968
3.18	 1.32953	 2.8968
3.19	 1.33168	 2.8968
3.2	 1.33384	 2.8968
3.21	 1.33599	 2.8968
3.22	 1.33814	 2.8968
3.23	 1.3403	 2.8968
3.24	 1.34245	 2.8968
3.25	 1.3446	 2.8968
3.26	 1.34676	 2.8968
3.27	 1.34891	 2.8968
3.28	 1.35107	 2.8968
3.29	 1.35322	 2.8968
3.3	 1.35537	 2.8968
3.31	 1.35753	 2.8968
3.32	 1.35968	 2.8968
3.33	 1.36183	 2.8968
3.34	 1.36399	 2.8968
3.35	 1.36614	 2.8968
3.36	 1.36829	 2.8968
3.37	 1.37045	 2.8968
3.38	 1.3726	 2.8968
3.39	 1.37475	 2.8968
3.4	 1.37691	 2.8968
3.41	 1.37906	 2.8968
3.42	 1.38121	 2.8968
3.43	 1.38337	 2.8968
3.44	 1.38552	 2.8968
3.45	 1.38767	 2.8968
3.46	 1.38983	 2.8968
3.47	 1.39198	 2.8968
3.48	 1.39413	 2.8968
3.49	 1.39629	 2.8968
3.5	 1.39844	 2.8968
3.51	 1.40157	 4.45184
3.52	 1.4047	 4.45184
3.53	 1.40784	 4.45184
3.54	 1.41097	 4.45184
3.55	 1.4141	 4.45184
3.56	 1.41723	 4.45184
3.57	 1.42036	 4.45184
3.58	 1.4235	 4.45184
3.59	 1.42663	 4.45184
3.6	 1.42976	 4.45184
3.61	 1.43289	 4.45184
3.62	 1.43602	 4.45184
3.63	 1.43916	 4.45184
3.64	 1.44229	 4.45184
3.65	 1.44542	 4.45184
3.66	 1.44855	 4.45184
3.67	 1.45169	 4.45184
3.68	 1.45482	 4.45184
3.69	 1.45795	 4.45184
3.7	 1.46108	 4.45184
3.71	 1.46421	 4.45184
3.72	 1.46735	 4.45184
3.73	 1.47048	 4.45184
3.74	 1.47361	 4.45184
3.75	 1.47674	 4.45184
3.76	 1.47987	 4.45184
3.77	 1.48301	 4.45184
3.78	 1.48614	 4.45184
3.79	 1.48927	 4.45184
3.8	 1.4924	 4.45184
3.81	 1.49553	 4.45184
3.82	 1.49867	 4.45184
3.83	 1.5018	 4.45184
3.84	 1.50493	 4.45184
3.85	 1.50806	 4.45184
3.86	 1.51119	 4.45184
3.87	 1.51433	 4.45184
3.88	 1.51746	 4.45184
3.89	 1.52059	 4.45184
3.9	 1.52372	 4.45184
3.91	 1.52686	 4.45184
3.92	 1.52999	 4.45184
3.93	 1.53312	 4.45184
3.94	 1.53625	 4.45184
3.95	 1.53938	 4.45184
3.96	 1.54252	 4.45184
3.97	 1.54565	 4.45184
3.98	 1.54878	 4.45184
3.99	 1.55191	 4.45184
4	 1.55504	 4.45184
4.01	 1.55818	 4.45184
4.02	 1.56131	 4.45184
4.03	 1.56444	 4.45184
4.04	 1.56757	 4.45184
4.05	 1.5707	 4.45184
4.06	 1.57384	 4.45184
4.07	 1.57697	 4.45184
4.08	 1.5801	 4.45184
4.09	 1.58323	 4.45184
4.1	 1.58636	 4.45184
4.11	 1.5895	 4.45184
4.12	 1.59263	 4.45184
4.13	 1.59576	 4.45184
4.14	 1.59889	 4.45184
4.15	 1.60202	 4.45184
4.16	 1.60516	 4.45184
4.17	 1.60829	 4.45184
4.18	 1.61142	 4.45184
4.19	 1.61455	 4.45184
4.2	 1.61769	 4.45184
4.21	 1.62082	 4.45184
4.22	 1.62395	 4.45184
4.23	 1.62708	 4.45184
4.24	 1.63021	 4.45184
4.25	 1.63335	 4.45184
4.26	 1.63648	 4.45184
4.27	 1.63961	 4.45184
4.28	 1.64274	 4.45184
4.29	 1.64587	 4.45184
4.3	 1.64901	 4.45184
4.31	 1.65214	 4.45184
4.32	 1.65527	 4.45184
4.33	 1.6584	 4.45184
4.34	 1.66153	 4.45184
4.35	 1.66467	 4.45184
4.36	 1.6678	 4.45184
4.37	 1.67093	 4.45184
4.38	 1.67406	 4.45184
4.39	 1.67719	 4.45184
4.4	 1.68033	 4.45184
4.41	 1.68346	 4.45184
4.42	 1.68659	 4.45184
4.43	 1.68972	 4.45184
4.44	 1.69285	 4.45184
4.45	 1.69599	 4.45184
4.46	 1.69912	 4.45184
4.47	 1.70225	 4.45184
4.48	 1.70538	 4.45184
4.49	 1.70852	 4.45184
4.5	 1.71165	 4.45184
4.51	 1.70651	 5.90644
4.52	 1.70137	 5.90644
4.53	 1.69622	 5.90644
4.54	 1.69108	 5.90644
4.55	 1.68594	 5.90644
4.56	 1.6808	 5.90644
4.57	 1.67566	 5.90644
4.58	 1.67052	 5.90644
4.59	 1.66538	 5.90644
4.6	 1.66024	 5.90644
4.61	 1.6551	 5.90644
4.62	 1.64996	 5.90644
4.63	 1.64481	 5.90644
4.64	 1.63967	 5.90644
4.65	 1.63453	 5.90644
4.66	 1.62939	 5.90644
4.67	 1.62425	 5.90644
4.68	 1.61911	 5.90644
4.69	 1.61397	 5.90644
4.7	 1.60883	 5.90644
4.71	 1.60369	 5.90644
4.72	 1.59855	 5.90644
4.73	 1.59341	 5.90644
4.74	 1.58826	 5.90644
4.75	 1.58312	 5.90644
4.76	 1.57798	 5.90644
4.77	 1.57284	 5.90644
4.78	 1.5677	 5.90644
4.79	 1.56256	 5.90644
4.8	 1.55742	 5.90644
4.81	 1.55228	 5.90644
4.82	 1.54714	 5.90644
4.83	 1.542	 5.90644
4.84	 1.53685	 5.90644
4.85	 1.53171	 5.90644
4.86	 1.52657	 5.90644
4.87	 1.52143	 5.90644
4.88	 1.51629	 5.90644
4.89	 1.51115	 5.90644
4.9	 1.50601	 5.90644
4.91	 1.50087	 5.90644
4.92	 1.49573	 5.90644
4.93	 1.49059	 5.90644
4.94	 1.48545	 5.90644
4.95	 1.4803	 5.90644
4.96	 1.47516	 5.90644
4.97	 1.47002	 5.90644
4.98	 1.46488	 5.90644
4.99	 1.45974	 5.90644
5	 1.4546	 5.90644
5.01	 1.44946	 5.90644
5.02	 1.44432	 5.90644
5.03	 1.43918	 5.90644
5.04	 1.43404	 5.90644
5.05	 1.42889	 5.90644
5.06	 1.42375	 5.90644
5.07	 1.41861	 5.90644
5.08	 1.41347	 5.90644
5.09	 1.40833	 5.90644
5.1	 1.40319	 5.90644
5.11	 1.39805	 5.90644
5.12	 1.39291	 5.90644
5.13	 1.38777	 5.90644
5.14	 1.38263	 5.90644
5.15	 1.37748	 5.90644
5.16	 1.37234	 5.90644
5.17	 1.3672	 5.90644
5.18	 1.36206	 5.90644
5.19	 1.35692	 5.90644
5.2	 1.35178	 5.90644
5.21	 1.34664	 5.90644
5.22	 1.3415	 5.90644
5.23	 1.33636	 5.90644
5.24	 1.33122	 5.90644
5.25	 1.32608	 5.90644
5.26	 1.32093	 5.90644
5.27	 1.31579	 5.90644
5.28	 1.31065	 5.90644
5.29	 1.30551	 5.90644
5.3	 1.30037	 5.90644
5.31	 1.29523	 5.90644
5.32	 1.29009	 5.90644
5.33	 1.28495	 5.90644
5.34	 1.27981	 5.90644
5.35	 1.27467	 5.90644
5.36	 1.26952	 5.90644
5.37	 1.26438	 5.90644
5.38	 1.25924	 5.90644
5.39	 1.2541	 5.90644
5.4	 1.24896	 5.90644
5.41	 1.24382	 5.90644
5.42	 1.23868	 5.90644
5.43	 1.23354	 5.90644
5.44	 1.2284	 5.90644
5.45	 1.22326	 5.90644
5.46	 1.21812	 5.90644
5.47	 1.21297	 5.90644
5.48	 1.20783	 5.90644
5.49	 1.20269	 5.90644
5.5	 1.19755	 5.90644
5.51	 1.20093	 7.27283
5.52	 1.2043	 7.27283
5.53	 1.20768	 7.27283
5.54	 1.21106	 7.27283
5.55	 1.21443	 7.27283
5.56	 1.21781	 7.27283
5.57	 1.22119	 7.27283
5.58	 1.22457	 7.27283
5.59	 1.22794	 7.27283
5.6	 1.23132	 7.27283
5.61	 1.2347	 7.27283
5.62	 1.23807	 7.27283
5.63	 1.24145	 7.27283
5.64	 1.24483	 7.27283
5.65	 1.2482	 7.27283
5.66	 1.25158	 7.27283
5.67	 1.25496	 7.27283
5.68	 1.25833	 7.27283
5.69	 1.26171	 7.27283
5.7	 1.26509	 7.27283
5.71	 1.26846	 7.27283
5.72	 1.27184	 7.27283
5.73	 1.27522	 7.27283
5.74	 1.27859	 7.27283
5.75	 1.28197	 7.27283
5.76	 1.28535	 7.27283
5.77	 1.28872	 7.27283
5.78	 1.2921	 7.27283
5.79	 1.29548	 7.27283
5.8	 1.29885	 7.27283
5.81	 1.30223	 7.27283
5.82	 1.30561	 7.27283
5.83	 1.30898	 7.27283
5.84	 1.31236	 7.27283
5.85	 1.31574	 7.27283
5.86	 1.31911	 7.27283
5.87	 1.32249	 7.27283
5.88	 1.32587	 7.27283
5.89	 1.32924	 7.27283
5.9	 1.33262	 7.27283
5.91	 1.336	 7.27283
5.92	 1.33937	 7.27283
5.93	 1.34275	 7.27283
5.94	 1.34613	 7.27283
5.95	 1.3495	 7.27283
5.96	 1.35288	 7.27283
5.97	 1.35626	 7.27283
5.98	 1.35963	 7.27283
5.99	 1.36301	 7.27283
6	 1.36639	 7.27283
6.01	 1.36976	 7.27283
6.02	 1.37314	 7.27283
6.03	 1.37652	 7.27283
6.04	 1.37989	 7.27283
6.05	 1.38327	 7.27283
6.06	 1.38665	 7.27283
6.07	 1.39002	 7.27283
6.08	 1.3934	 7.27283
6.09	 1.39678	 7.27283
6.1	 1.40015	 7.27283
6.11	 1.40353	 7.27283
6.12	 1.40691	 7.27283
6.13	 1.41028	 7.27283
6.14	 1.41366	 7.27283
6.15	 1.41704	 7.27283
6.16	 1.42041	 7.27283
6.17	 1.42379	 7.27283
6.18	 1.42717	 7.27283
6.19	 1.43054	 7.27283
6.2	 1.43392	 7.27283
6.21	 1.4373	 7.27283
6.22	 1.44067	 7.27283
6.23	 1.44405	 7.27283
6.24	 1.44743	 7.27283
6.25	 1.4508	 7.27283
6.26	 1.45418	 7.27283
6.27	 1.45756	 7.27283
6.28	 1.46094	 7.27283
6.29	 1.46431	 7.27283
6.3	 1.46769	 7.27283
6.31	 1.47107	 7.27283
6.32	 1.47444	 7.27283
6.33	 1.47782	 7.27283
6.34	 1.4812	 7.27283
6.35	 1.48457	 7.27283
6.36	 1.48795	 7.27283
6.37	 1.49133	 7.27283
6.38	 1.4947	 7.27283
6.39	 1.49808	 7.27283
6.4	 1.50146	 7.27283
6.41	 1.50483	 7.27283
6.42	 1.50821	 7.27283
6.43	 1.51159	 7.27283
6.44	 1.51496	 7.27283
6.45	 1.51834	 7.27283
6.46	 1.52172	 7.27283
6.47	 1.52509	 7.27283
6.48	 1.52847	 7.27283
6.49	 1.53185	 7.27283
6.5	 1.53522	 7.27283
6.51	 1.54155	 9.12455
6.52	 1.54788	 9.12455
6.53	 1.55421	 9.12455
6.54	 1.56054	 9.12455
6.55	 1.56687	 9.12455
6.56	 1.5732	 9.12455
6.57	 1.57953	 9.12455
6.58	 1.58586	 9.12455
6.59	 1.59219	 9.12455
6.6	 1.59852	 9.12455
6.61	 1.60485	 9.12455
6.62	 1.61118	 9.12455
6.63	 1.61751	 9.12455
6.64	 1.62384	 9.12455
6.65	 1.63017	 9.12455
6.66	 1.6365	 9.12455
6.67	 1.64283	 9.12455
6.68	 1.64916	 9.12455
6.69	 1.65549	 9.12455
6.7	 1.66182	 9.12455
6.71	 1.66815	 9.12455
6.72	 1.67448	 9.12455
6.73	 1.68081	 9.12455
6.74	 1.68714	 9.12455
6.75	 1.69347	 9.12455
6.76	 1.6998	 9.12455
6.77	 1.70613	 9.12455
6.78	 1.71246	 9.12455
6.79	 1.71879	 9.12455
6.8	 1.72512	 9.12455
6.81	 1.73145	 9.12455
6.82	 1.73778	 9.12455
6.83	 1.74412	 9.12455
6.84	 1.75045	 9.12455
6.85	 1.75678	 9.12455
6.86	 1.76311	 9.12455
6.87	 1.76944	 9.12455
6.88	 1.77577	 9.12455
6.89	 1.7821	 9.12455
6.9	 1.78843	 9.12455
6.91	 1.79476	 9.12455
6.92	 1.80109	 9.12455
6.93	 1.80742	 9.12455
6.94	 1.81375	 9.12455
6.95	 1.82008	 9.12455
6.96	 1.82641	 9.12455
6.97	 1.83274	 9.12455
6.98	 1.83907	 9.12455
6.99	 1.8454	 9.12455
7	 1.85173	 9.12455
7.01	 1.85806	 9.12455
7.02	 1.86439	 9.12455
7.03	 1.87072	 9.12455
7.04	 1.87705	 9.12455
7.05	 1.88338	 9.12455
7.06	 1.88971	 9.12455
7.07	 1.89604	 9.12455
7.08	 1.90237	 9.12455
7.09	 1.9087	 9.12455
7.1	 1.91503	 9.12455
7.11	 1.92136	 9.12455
7.12	 1.92769	 9.12455
7.13	 1.93402	 9.12455
7.14	 1.94035	 9.12455
7.15	 1.94668	 9.12455
7.16	 1.95301	 9.12455
7.17	 1.95934	 9.12455
7.18	 1.96567	 9.12455
7.19	 1.972	 9.12455
7.2	 1.97833	 9.12455
7.21	 1.98466	 9.12455
7.22	 1.99099	 9.12455
7.23	 1.99732	 9.12455
7.24	 2.00365	 9.12455
7.25	 2.00998	 9.12455
7.26	 2.01631	 9.12455
7.27	 2.02264	 9.12455
7.28	 2.02897	 9.12455
7.29	 2.0353	 9.12455
7.3	 2.04163	 9.12455
7.31	 2.04796	 9.12455
7.32	 2.05429	 9.12455
7.33	 2.06062	 9.12455
7.34	 2.06695	 9.12455
7.35	 2.07328	 9.12455
7.36	 2.07961	 9.12455
7.37	 2.08594	 9.12455
7.38	 2.09227	 9.12455
7.39	 2.0986	 9.12455
7.4	 2.10493	 9.12455
7.41	 2.11126	 9.12455
7.42	 2.11759	 9.12455
7.43	 2.12392	 9.12455
7.44	 2.13025	 9.12455
7.45	 2.13658	 9.12455
7.46	 2.14291	 9.12455
7.47	 2.14924	 9.12455
7.48	 2.15557	 9.12455
7.49	 2.1619	 9.12455
7.5	 2.16823	 9.12455
7.51	 2.16533	 11.1476
7.52	 2.16242	 11.1476
7.53	 2.15952	 11.1476
7.54	 2.15661	 11.1476
7.55	 2.15371	 11.1476
7.56	 2.1508	 11.1476
7.57	 2.1479	 11.1476
7.58	 2.14499	 11.1476
7.59	 2.14209	 11.1476
7.6	 2.13918	 11.1476
7.61	 2.13628	 11.1476
7.62	 2.13338	 11.1476
7.63	 2.13047	 11.1476
7.64	 2.12757	 11.1476
7.65	 2.12466	 11.1476
7.66	 2.12176	 11.1476
7.67	 2.11885	 11.1476
7.68	 2.11595	 11.1476
7.69	 2.11304	 11.1476
7.7	 2.11014	 11.1476
7.71	 2.10723	 11.1476
7.72	 2.10433	 11.1476
7.73	 2.10142	 11.1476
7.74	 2.09852	 11.1476
7.75	 2.09562	 11.1476
7.76	 2.09271	 11.1476
7.77	 2.08981	 11.1476
7.78	 2.0869	 11.1476
7.79	 2.084	 11.1476
7.8	 2.08109	 11.1476
7.81	 2.07819	 11.1476
7.82	 2.07528	 11.1476
7.83	 2.07238	 11.1476
7.84	 2.06947	 11.1476
7.85	 2.06657	 11.1476
7.86	 2.06367	 11.1476
7.87	 2.06076	 11.1476
7.88	 2.05786	 11.1476
7.89	 2.05495	 11.1476
7.9	 2.05205	 11.1476
7.91	 2.04914	 11.1476
7.92	 2.04624	 11.1476
7.93	 2.04333	 11.1476
7.94	 2.04043	 11.1476
7.95	 2.03752	 11.1476
7.96	 2.03462	 11.1476
7.97	 2.03172	 11.1476
7.98	 2.02881	 11.1476
7.99	 2.02591	 11.1476
8	 2.023	 11.1476
8.01	 2.0201	 11.1476
8.02	 2.01719	 11.1476
8.03	 2.01429	 11.1476
8.04	 2.01138	 11.1476
8.05	 2.00848	 11.1476
8.06	 2.00557	 11.1476
8.07	 2.00267	 11.1476
8.08	 1.99977	 11.1476
8.09	 1.99686	 11.1476
8.1	 1.99396	 11.1476
8.11	 1.99105	 11.1476
8.12	 1.98815	 11.1476
8.13	 1.98524	 11.1476
8.14	 1.98234	 11.1476
8.15	 1.97943	 11.1476
8.16	 1.97653	 11.1476
8.17	 1.97362	 11.1476
8.18	 1.97072	 11.1476
8.19	 1.96782	 11.1476
8.2	 1.96491	 11.1476
8.21	 1.96201	 11.1476
8.22	 1.9591	 11.1476
8.23	 1.9562	 11.1476
8.24	 1.95329	 11.1476
8.25	 1.95039	 11.1476
8.26	 1.94748	 11.1476
8.27	 1.94458	 11.1476
8.28	 1.94167	 11.1476
8.29	 1.93877	 11.1476
8.3	 1.93587	 11.1476
8.31	 1.93296	 11.1476
8.32	 1.93006	 11.1476
8.33	 1.92715	 11.1476
8.34	 1.92425	 11.1476
8.35	 1.92134	 11.1476
8.36	 1.91844	 11.1476
8.37	 1.91553	 11.1476
8.38	 1.91263	 11.1476
8.39	 1.90972	 11.1476
8.4	 1.90682	 11.1476
8.41	 1.90392	 11.1476
8.42	 1.90101	 11.1476
8.43	 1.89811	 11.1476
8.44	 1.8952	 11.1476
8.45	 1.8923	 11.1476
8.46	 1.88939	 11.1476
8.47	 1.88649	 11.1476
8.48	 1.88358	 11.1476
8.49	 1.88068	 11.1476
8.5	 1.87777	 11.1476
8.51	 1.88254	 13.2634
8.52	 1.8873	 13.2634
8.53	 1.89206	 13.2634
8.54	 1.89682	 13.2634
8.55	 1.90158	 13.2634
8.56	 1.90635	 13.2634
8.57	 1.91111	 13.2634
8.58	 1.91587	 13.2634
8.59	 1.92063	 13.2634
8.6	 1.92539	 13.2634
8.61	 1.93016	 13.2634
8.62	 1.93492	 13.2634
8.63	 1.93968	 13.2634
8.64	 1.94444	 13.2634
8.65	 1.9492	 13.2634
8.66	 1.95397	 13.2634
8.67	 1.95873	 13.2634
8.68	 1.96349	 13.2634
8.69	 1.96825	 13.2634
8.7	 1.97301	 13.2634
8.71	 1.97778	 13.2634
8.72	 1.98254	 13.2634
8.73	 1.9873	 13.2634
8.74	 1.99206	 13.2634
8.75	 1.99682	 13.2634
8.76	 2.00159	 13.2634
8.77	 2.00635	 13.2634
8.78	 2.01111	 13.2634
8.79	 2.01587	 13.2634
8.8	 2.02063	 13.2634
8.81	 2.0254	 13.2634
8.82	 2.03016	 13.2634
8.83	 2.03492	 13.2634
8.84	 2.03968	 13.2634
8.85	 2.04444	 13.2634
8.86	 2.0492	 13.2634
8.87	 2.05397	 13.2634
8.88	 2.05873	 13.2634
8.89	 2.06349	 13.2634
8.9	 2.06825	 13.2634
8.91	 2.07301	 13.2634
8.92	 2.07778	 13.2634
8.93	 2.08254	 13.2634
8.94	 2.0873	 13.2634
8.95	 2.09206	 13.2634
8.96	 2.09682	 13.2634
8.97	 2.10159	 13.2634
8.98	 2.10635	 13.2634
8.99	 2.11111	 13.2634
9	 2.11587	 13.2634
9.01	 2.12063	 13.2634
9.02	 2.1254	 13.2634
9.03	 2.13016	 13.2634
9.04	 2.13492	 13.2634
9.05	 2.13968	 13.2634
9.06	 2.14444	 13.2634
9.07	 2.14921	 13.2634
9.08	 2.15397	 13.2634
9.09	 2.15873	 13.2634
9.1	 2.16349	 13.2634
9.11	 2.16825	 13.2634
9.12	 2.17302	 13.2634
9.13	 2.17778	 13.2634
9.14	 2.18254	 13.2634
9.15	 2.1873	 13.2634
9.16	 2.19206	 13.2634
9.17	 2.19683	 13.2634
9.18	 2.20159	 13.2634
9.19	 2.20635	 13.2634
9.2	 2.21111	 13.2634
9.21	 2.21587	 13.2634
9.22	 2.22064	 13.2634
9.23	 2.2254	 13.2634
9.24	 2.23016	 13.2634
9.25	 2.23492	 13.2634
9.26	 2.23968	 13.2634
9.27	 2.24445	 13.2634
9.28	 2.24921	 13.2634
9.29	 2.25397	 13.2634
9.3	 2.25873	 13.2634
9.31	 2.26349	 13.2634
9.32	 2.26825	 13.2634
9.33	 2.27302	 13.2634
9.34	 2.27778	 13.2634
9.35	 2.28254	 13.2634
9.36	 2.2873	 13.2634
9.37	 2.29206	 13.2634
9.38	 2.29683	 13.2634
9.39	 2.30159	 13.2634
9.4	 2.30635	 13.2634
9.41	 2.31111	 13.2634
9.42	 2.31587	 13.2634
9.43	 2.32064	 13.2634
9.44	 2.3254	 13.2634
9.45	 2.33016	 13.2634
9.46	 2.33492	 13.2634
9.47	 2.33968	 13.2634
9.48	 2.34445	 13.2634
9.49	 2.34921	 13.2634
9.5	 2.35397	 13.2634
