0.5 0.840188
1.5 0.594383
2.5 1.1831
3.5 1.39844
4.5 1.71165
5.5 1.19755
6.5 1.53522
7.5 2.16823
8.5 1.87777
9.5 2.35397


0.5 0.840188
0.51 0.83773
0.52 0.835272
0.53 0.832814
0.54 0.830356
0.55 0.827897
0.56 0.825439
0.57 0.822981
0.58 0.820523
0.59 0.818065
0.6 0.815607
0.61 0.813149
0.62 0.810691
0.63 0.808233
0.64 0.805775
0.65 0.803317
0.66 0.800859
0.67 0.798401
0.68 0.795943
0.69 0.793485
0.7 0.791027
0.71 0.788569
0.72 0.786111
0.73 0.783653
0.74 0.781195
0.75 0.778737
0.76 0.776278
0.77 0.77382
0.78 0.771362
0.79 0.768904
0.8 0.766446
0.81 0.763988
0.82 0.76153
0.83 0.759072
0.84 0.756614
0.85 0.754156
0.86 0.751698
0.87 0.74924
0.88 0.746782
0.89 0.744324
0.9 0.741866
0.91 0.739408
0.92 0.73695
0.93 0.734492
0.94 0.732034
0.95 0.729576
0.96 0.727118
0.97 0.724659
0.98 0.722201
0.99 0.719743
1 0.717285
1.01 0.714827
1.02 0.712369
1.03 0.709911
1.04 0.707453
1.05 0.704995
1.06 0.702537
1.07 0.700079
1.08 0.697621
1.09 0.695163
1.1 0.692705
1.11 0.690247
1.12 0.687789
1.13 0.685331
1.14 0.682873
1.15 0.680415
1.16 0.677957
1.17 0.675499
1.18 0.67304
1.19 0.670582
1.2 0.668124
1.21 0.665666
1.22 0.663208
1.23 0.66075
1.24 0.658292
1.25 0.655834
1.26 0.653376
1.27 0.650918
1.28 0.64846
1.29 0.646002
1.3 0.643544
1.31 0.641086
1.32 0.638628
1.33 0.63617
1.34 0.633712
1.35 0.631254
1.36 0.628796
1.37 0.626338
1.38 0.62388
1.39 0.621421
1.4 0.618963
1.41 0.616505
1.42 0.614047
1.43 0.611589
1.44 0.609131
1.45 0.606673
1.46 0.604215
1.47 0.601757
1.48 0.599299
1.49 0.596841
1.5 0.594383
1.51 0.60027
1.52 0.606157
1.53 0.612044
1.54 0.617932
1.55 0.623819
1.56 0.629706
1.57 0.635593
1.58 0.64148
1.59 0.647367
1.6 0.653255
1.61 0.659142
1.62 0.665029
1.63 0.670916
1.64 0.676803
1.65 0.68269
1.66 0.688578
1.67 0.694465
1.68 0.700352
1.69 0.706239
1.7 0.712126
1.71 0.718013
1.72 0.723901
1.73 0.729788
1.74 0.735675
1.75 0.741562
1.76 0.747449
1.77 0.753336
1.78 0.759223
1.79 0.765111
1.8 0.770998
1.81 0.776885
1.82 0.782772
1.83 0.788659
1.84 0.794546
1.85 0.800434
1.86 0.806321
1.87 0.812208
1.88 0.818095
1.89 0.823982
1.9 0.829869
1.91 0.835757
1.92 0.841644
1.93 0.847531
1.94 0.853418
1.95 0.859305
1.96 0.865192
1.97 0.87108
1.98 0.876967
1.99 0.882854
2 0.888741
2.01 0.894628
2.02 0.900515
2.03 0.906403
2.04 0.91229
2.05 0.918177
2.06 0.924064
2.07 0.929951
2.08 0.935838
2.09 0.941726
2.1 0.947613
2.11 0.9535
2.12 0.959387
2.13 0.965274
2.14 0.971161
2.15 0.977049
2.16 0.982936
2.17 0.988823
2.18 0.99471
2.19 1.0006
2.2 1.00648
2.21 1.01237
2.22 1.01826
2.23 1.02415
2.24 1.03003
2.25 1.03592
2.26 1.04181
2.27 1.04769
2.28 1.05358
2.29 1.05947
2.3 1.06536
2.31 1.07124
2.32 1.07713
2.33 1.08302
2.34 1.0889
2.35 1.09479
2.36 1.10068
2.37 1.10657
2.38 1.11245
2.39 1.11834
2.4 1.12423
2.41 1.13011
2.42 1.136
2.43 1.14189
2.44 1.14778
2.45 1.15366
2.46 1.15955
2.47 1.16544
2.48 1.17132
2.49 1.17721
2.5 1.1831
2.51 1.18525
2.52 1.18741
2.53 1.18956
2.54 1.19171
2.55 1.19387
2.56 1.19602
2.57 1.19817
2.58 1.20033
2.59 1.20248
2.6 1.20463
2.61 1.20679
2.62 1.20894
2.63 1.21109
2.64 1.21325
2.65 1.2154
2.66 1.21755
2.67 1.21971
2.68 1.22186
2.69 1.22401
2.7 1.22617
2.71 1.22832
2.72 1.23047
2.73 1.23263
2.74 1.23478
2.75 1.23693
2.76 1.23909
2.77 1.24124
2.78 1.24339
2.79 1.24555
2.8 1.2477
2.81 1.24985
2.82 1.25201
2.83 1.25416
2.84 1.25632
2.85 1.25847
2.86 1.26062
2.87 1.26278
2.88 1.26493
2.89 1.26708
2.9 1.26924
2.91 1.27139
2.92 1.27354
2.93 1.2757
2.94 1.27785
2.95 1.28
2.96 1.28216
2.97 1.28431
2.98 1.28646
2.99 1.28862
3 1.29077
3.01 1.29292
3.02 1.29508
3.03 1.29723
3.04 1.29938
3.05 1.30154
3.06 1.30369
3.07 1.30584
3.08 1.308
3.09 1.31015
3.1 1.3123
3.11 1.31446
3.12 1.31661
3.13 1.31876
3.14 1.32092
3.15 1.32307
3.16 1.32522
3.17 1.32738
3.18 1.32953
3.19 1.33168
3.2 1.33384
3.21 1.33599
3.22 1.33814
3.23 1.3403
3.24 1.34245
3.25 1.3446
3.26 1.34676
3.27 1.34891
3.28 1.35107
3.29 1.35322
3.3 1.35537
3.31 1.35753
3.32 1.35968
3.33 1.36183
3.34 1.36399
3.35 1.36614
3.36 1.36829
3.37 1.37045
3.38 1.3726
3.39 1.37475
3.4 1.37691
3.41 1.37906
3.42 1.38121
3.43 1.38337
3.44 1.38552
3.45 1.38767
3.46 1.38983
3.47 1.39198
3.48 1.39413
3.49 1.39629
3.5 1.39844
3.51 1.40157
3.52 1.4047
3.53 1.40784
3.54 1.41097
3.55 1.4141
3.56 1.41723
3.57 1.42036
3.58 1.4235
3.59 1.42663
3.6 1.42976
3.61 1.43289
3.62 1.43602
3.63 1.43916
3.64 1.44229
3.65 1.44542
3.66 1.44855
3.67 1.45169
3.68 1.45482
3.69 1.45795
3.7 1.46108
3.71 1.46421
3.72 1.46735
3.73 1.47048
3.74 1.47361
3.75 1.47674
3.76 1.47987
3.77 1.48301
3.78 1.48614
3.79 1.48927
3.8 1.4924
3.81 1.49553
3.82 1.49867
3.83 1.5018
3.84 1.50493
3.85 1.50806
3.86 1.51119
3.87 1.51433
3.88 1.51746
3.89 1.52059
3.9 1.52372
3.91 1.52686
3.92 1.52999
3.93 1.53312
3.94 1.53625
3.95 1.53938
3.96 1.54252
3.97 1.54565
3.98 1.54878
3.99 1.55191
4 1.55504
4.01 1.55818
4.02 1.56131
4.03 1.56444
4.04 1.56757
4.05 1.5707
4.06 1.57384
4.07 1.57697
4.08 1.5801
4.09 1.58323
4.1 1.58636
4.11 1.5895
4.12 1.59263
4.13 1.59576
4.14 1.59889
4.15 1.60202
4.16 1.60516
4.17 1.60829
4.18 1.61142
4.19 1.61455
4.2 1.61769
4.21 1.62082
4.22 1.62395
4.23 1.62708
4.24 1.63021
4.25 1.63335
4.26 1.63648
4.27 1.63961
4.28 1.64274
4.29 1.64587
4.3 1.64901
4.31 1.65214
4.32 1.65527
4.33 1.6584
4.34 1.66153
4.35 1.66467
4.36 1.6678
4.37 1.67093
4.38 1.67406
4.39 1.67719
4.4 1.68033
4.41 1.68346
4.42 1.68659
4.43 1.68972
4.44 1.69285
4.45 1.69599
4.46 1.69912
4.47 1.70225
4.48 1.70538
4.49 1.70852
4.5 1.71165
4.51 1.70651
4.52 1.70137
4.53 1.69622
4.54 1.69108
4.55 1.68594
4.56 1.6808
4.57 1.67566
4.58 1.67052
4.59 1.66538
4.6 1.66024
4.61 1.6551
4.62 1.64996
4.63 1.64481
4.64 1.63967
4.65 1.63453
4.66 1.62939
4.67 1.62425
4.68 1.61911
4.69 1.61397
4.7 1.60883
4.71 1.60369
4.72 1.59855
4.73 1.59341
4.74 1.58826
4.75 1.58312
4.76 1.57798
4.77 1.57284
4.78 1.5677
4.79 1.56256
4.8 1.55742
4.81 1.55228
4.82 1.54714
4.83 1.542
4.84 1.53685
4.85 1.53171
4.86 1.52657
4.87 1.52143
4.88 1.51629
4.89 1.51115
4.9 1.50601
4.91 1.50087
4.92 1.49573
4.93 1.49059
4.94 1.48545
4.95 1.4803
4.96 1.47516
4.97 1.47002
4.98 1.46488
4.99 1.45974
5 1.4546
5.01 1.44946
5.02 1.44432
5.03 1.43918
5.04 1.43404
5.05 1.42889
5.06 1.42375
5.07 1.41861
5.08 1.41347
5.09 1.40833
5.1 1.40319
5.11 1.39805
5.12 1.39291
5.13 1.38777
5.14 1.38263
5.15 1.37748
5.16 1.37234
5.17 1.3672
5.18 1.36206
5.19 1.35692
5.2 1.35178
5.21 1.34664
5.22 1.3415
5.23 1.33636
5.24 1.33122
5.25 1.32608
5.26 1.32093
5.27 1.31579
5.28 1.31065
5.29 1.30551
5.3 1.30037
5.31 1.29523
5.32 1.29009
5.33 1.28495
5.34 1.27981
5.35 1.27467
5.36 1.26952
5.37 1.26438
5.38 1.25924
5.39 1.2541
5.4 1.24896
5.41 1.24382
5.42 1.23868
5.43 1.23354
5.44 1.2284
5.45 1.22326
5.46 1.21812
5.47 1.21297
5.48 1.20783
5.49 1.20269
5.5 1.19755
5.51 1.20093
5.52 1.2043
5.53 1.20768
5.54 1.21106
5.55 1.21443
5.56 1.21781
5.57 1.22119
5.58 1.22457
5.59 1.22794
5.6 1.23132
5.61 1.2347
5.62 1.23807
5.63 1.24145
5.64 1.24483
5.65 1.2482
5.66 1.25158
5.67 1.25496
5.68 1.25833
5.69 1.26171
5.7 1.26509
5.71 1.26846
5.72 1.27184
5.73 1.27522
5.74 1.27859
5.75 1.28197
5.76 1.28535
5.77 1.28872
5.78 1.2921
5.79 1.29548
5.8 1.29885
5.81 1.30223
5.82 1.30561
5.83 1.30898
5.84 1.31236
5.85 1.31574
5.86 1.31911
5.87 1.32249
5.88 1.32587
5.89 1.32924
5.9 1.33262
5.91 1.336
5.92 1.33937
5.93 1.34275
5.94 1.34613
5.95 1.3495
5.96 1.35288
5.97 1.35626
5.98 1.35963
5.99 1.36301
6 1.36639
6.01 1.36976
6.02 1.37314
6.03 1.37652
6.04 1.37989
6.05 1.38327
6.06 1.38665
6.07 1.39002
6.08 1.3934
6.09 1.39678
6.1 1.40015
6.11 1.40353
6.12 1.40691
6.13 1.41028
6.14 1.41366
6.15 1.41704
6.16 1.42041
6.17 1.42379
6.18 1.42717
6.19 1.43054
6.2 1.43392
6.21 1.4373
6.22 1.44067
6.23 1.44405
6.24 1.44743
6.25 1.4508
6.26 1.45418
6.27 1.45756
6.28 1.46094
6.29 1.46431
6.3 1.46769
6.31 1.47107
6.32 1.47444
6.33 1.47782
6.34 1.4812
6.35 1.48457
6.36 1.48795
6.37 1.49133
6.38 1.4947
6.39 1.49808
6.4 1.50146
6.41 1.50483
6.42 1.50821
6.43 1.51159
6.44 1.51496
6.45 1.51834
6.46 1.52172
6.47 1.52509
6.48 1.52847
6.49 1.53185
6.5 1.53522
6.51 1.54155
6.52 1.54788
6.53 1.55421
6.54 1.56054
6.55 1.56687
6.56 1.5732
6.57 1.57953
6.58 1.58586
6.59 1.59219
6.6 1.59852
6.61 1.60485
6.62 1.61118
6.63 1.61751
6.64 1.62384
6.65 1.63017
6.66 1.6365
6.67 1.64283
6.68 1.64916
6.69 1.65549
6.7 1.66182
6.71 1.66815
6.72 1.67448
6.73 1.68081
6.74 1.68714
6.75 1.69347
6.76 1.6998
6.77 1.70613
6.78 1.71246
6.79 1.71879
6.8 1.72512
6.81 1.73145
6.82 1.73778
6.83 1.74412
6.84 1.75045
6.85 1.75678
6.86 1.76311
6.87 1.76944
6.88 1.77577
6.89 1.7821
6.9 1.78843
6.91 1.79476
6.92 1.80109
6.93 1.80742
6.94 1.81375
6.95 1.82008
6.96 1.82641
6.97 1.83274
6.98 1.83907
6.99 1.8454
7 1.85173
7.01 1.85806
7.02 1.86439
7.03 1.87072
7.04 1.87705
7.05 1.88338
7.06 1.88971
7.07 1.89604
7.08 1.90237
7.09 1.9087
7.1 1.91503
7.11 1.92136
7.12 1.92769
7.13 1.93402
7.14 1.94035
7.15 1.94668
7.16 1.95301
7.17 1.95934
7.18 1.96567
7.19 1.972
7.2 1.97833
7.21 1.98466
7.22 1.99099
7.23 1.99732
7.24 2.00365
7.25 2.00998
7.26 2.01631
7.27 2.02264
7.28 2.02897
7.29 2.0353
7.3 2.04163
7.31 2.04796
7.32 2.05429
7.33 2.06062
7.34 2.06695
7.35 2.07328
7.36 2.07961
7.37 2.08594
7.38 2.09227
7.39 2.0986
7.4 2.10493
7.41 2.11126
7.42 2.11759
7.43 2.12392
7.44 2.13025
7.45 2.13658
7.46 2.14291
7.47 2.14924
7.48 2.15557
7.49 2.1619
7.5 2.16823
7.51 2.16533
7.52 2.16242
7.53 2.15952
7.54 2.15661
7.55 2.15371
7.56 2.1508
7.57 2.1479
7.58 2.14499
7.59 2.14209
7.6 2.13918
7.61 2.13628
7.62 2.13338
7.63 2.13047
7.64 2.12757
7.65 2.12466
7.66 2.12176
7.67 2.11885
7.68 2.11595
7.69 2.11304
7.7 2.11014
7.71 2.10723
7.72 2.10433
7.73 2.10142
7.74 2.09852
7.75 2.09562
7.76 2.09271
7.77 2.08981
7.78 2.0869
7.79 2.084
7.8 2.08109
7.81 2.07819
7.82 2.07528
7.83 2.07238
7.84 2.06947
7.85 2.06657
7.86 2.06367
7.87 2.06076
7.88 2.05786
7.89 2.05495
7.9 2.05205
7.91 2.04914
7.92 2.04624
7.93 2.04333
7.94 2.04043
7.95 2.03752
7.96 2.03462
7.97 2.03172
7.98 2.02881
7.99 2.02591
8 2.023
8.01 2.0201
8.02 2.01719
8.03 2.01429
8.04 2.01138
8.05 2.00848
8.06 2.00557
8.07 2.00267
8.08 1.99977
8.09 1.99686
8.1 1.99396
8.11 1.99105
8.12 1.98815
8.13 1.98524
8.14 1.98234
8.15 1.97943
8.16 1.97653
8.17 1.97362
8.18 1.97072
8.19 1.96782
8.2 1.96491
8.21 1.96201
8.22 1.9591
8.23 1.9562
8.24 1.95329
8.25 1.95039
8.26 1.94748
8.27 1.94458
8.28 1.94167
8.29 1.93877
8.3 1.93587
8.31 1.93296
8.32 1.93006
8.33 1.92715
8.34 1.92425
8.35 1.92134
8.36 1.91844
8.37 1.91553
8.38 1.91263
8.39 1.90972
8.4 1.90682
8.41 1.90392
8.42 1.90101
8.43 1.89811
8.44 1.8952
8.45 1.8923
8.46 1.88939
8.47 1.88649
8.48 1.88358
8.49 1.88068
8.5 1.87777
8.51 1.88254
8.52 1.8873
8.53 1.89206
8.54 1.89682
8.55 1.90158
8.56 1.90635
8.57 1.91111
8.58 1.91587
8.59 1.92063
8.6 1.92539
8.61 1.93016
8.62 1.93492
8.63 1.93968
8.64 1.94444
8.65 1.9492
8.66 1.95397
8.67 1.95873
8.68 1.96349
8.69 1.96825
8.7 1.97301
8.71 1.97778
8.72 1.98254
8.73 1.9873
8.74 1.99206
8.75 1.99682
8.76 2.00159
8.77 2.00635
8.78 2.01111
8.79 2.01587
8.8 2.02063
8.81 2.0254
8.82 2.03016
8.83 2.03492
8.84 2.03968
8.85 2.04444
8.86 2.0492
8.87 2.05397
8.88 2.05873
8.89 2.06349
8.9 2.06825
8.91 2.07301
8.92 2.07778
8.93 2.08254
8.94 2.0873
8.95 2.09206
8.96 2.09682
8.97 2.10159
8.98 2.10635
8.99 2.11111
9 2.11587
9.01 2.12063
9.02 2.1254
9.03 2.13016
9.04 2.13492
9.05 2.13968
9.06 2.14444
9.07 2.14921
9.08 2.15397
9.09 2.15873
9.1 2.16349
9.11 2.16825
9.12 2.17302
9.13 2.17778
9.14 2.18254
9.15 2.1873
9.16 2.19206
9.17 2.19683
9.18 2.20159
9.19 2.20635
9.2 2.21111
9.21 2.21587
9.22 2.22064
9.23 2.2254
9.24 2.23016
9.25 2.23492
9.26 2.23968
9.27 2.24445
9.28 2.24921
9.29 2.25397
9.3 2.25873
9.31 2.26349
9.32 2.26825
9.33 2.27302
9.34 2.27778
9.35 2.28254
9.36 2.2873
9.37 2.29206
9.38 2.29683
9.39 2.30159
9.4 2.30635
9.41 2.31111
9.42 2.31587
9.43 2.32064
9.44 2.3254
9.45 2.33016
9.46 2.33492
9.47 2.33968
9.48 2.34445
9.49 2.34921
9.5 2.35397
