0	5.1224e+06	11162	6.7464e+05	
0.62832	5.1211e+06	12159	6.7493e+05	
1.2566	5.1197e+06	13245	6.7525e+05	
1.885	5.1182e+06	14428	6.756e+05	
2.5133	5.1165e+06	15716	6.7597e+05	
3.1416	5.1147e+06	17118	6.7639e+05	
3.7699	5.1127e+06	18644	6.7683e+05	
4.3982	5.1106e+06	20305	6.7732e+05	
5.0265	5.1082e+06	22114	6.7785e+05	
5.6549	5.1057e+06	24082	6.7843e+05	
6.2832	5.1029e+06	26224	6.7907e+05	
6.9115	5.0999e+06	28555	6.7975e+05	
7.5398	5.0966e+06	31090	6.805e+05	
8.1681	5.093e+06	33849	6.8132e+05	
8.7965	5.0891e+06	36849	6.822e+05	
9.4248	5.0849e+06	40111	6.8317e+05	
10.053	5.0803e+06	43658	6.8422e+05	
10.681	5.0753e+06	47514	6.8536e+05	
11.31	5.0699e+06	51705	6.8661e+05	
11.938	5.064e+06	56259	6.8796e+05	
12.566	5.0575e+06	61205	6.8944e+05	
13.195	5.0506e+06	66577	6.9104e+05	
13.823	5.043e+06	72409	6.9278e+05	
14.451	5.0348e+06	78739	6.9468e+05	
15.08	5.0258e+06	85605	6.9674e+05	
15.708	5.0161e+06	93053	6.9898e+05	
16.336	5.0056e+06	1.0113e+05	7.0142e+05	
16.965	4.9942e+06	1.0987e+05	7.0406e+05	
17.593	4.9819e+06	1.1935e+05	7.0694e+05	
18.221	4.9685e+06	1.296e+05	7.1006e+05	
18.85	4.954e+06	1.407e+05	7.1346e+05	
19.478	4.9384e+06	1.5269e+05	7.1714e+05	
20.07	4.9224e+06	1.6487e+05	7.2089e+05	
20.652	4.9056e+06	1.7774e+05	7.2488e+05	
21.192	4.8888e+06	1.9052e+05	7.2885e+05	
21.719	4.8714e+06	2.0382e+05	7.33e+05	
22.234	4.8532e+06	2.1763e+05	7.3734e+05	
22.711	4.8354e+06	2.312e+05	7.4162e+05	
23.177	4.817e+06	2.4518e+05	7.4605e+05	
23.631	4.798e+06	2.5956e+05	7.5063e+05	
24.075	4.7785e+06	2.7434e+05	7.5536e+05	
24.508	4.7584e+06	2.8953e+05	7.6025e+05	
24.933	4.7378e+06	3.0512e+05	7.653e+05	
25.35	4.7166e+06	3.2111e+05	7.7052e+05	
25.737	4.6959e+06	3.3666e+05	7.7561e+05	
26.117	4.6748e+06	3.5255e+05	7.8085e+05	
26.49	4.6532e+06	3.6876e+05	7.8623e+05	
26.857	4.6311e+06	3.8532e+05	7.9175e+05	
27.217	4.6086e+06	4.022e+05	7.9742e+05	
27.571	4.5855e+06	4.1942e+05	8.0325e+05	
27.921	4.562e+06	4.3699e+05	8.0922e+05	
28.265	4.5379e+06	4.5489e+05	8.1536e+05	
28.604	4.5134e+06	4.7313e+05	8.2166e+05	
28.939	4.4883e+06	4.9171e+05	8.2812e+05	
29.27	4.4628e+06	5.1065e+05	8.3476e+05	
29.598	4.4367e+06	5.2993e+05	8.4157e+05	
29.922	4.41e+06	5.4957e+05	8.4857e+05	
30.243	4.3829e+06	5.6957e+05	8.5575e+05	
30.561	4.3551e+06	5.8993e+05	8.6312e+05	
30.876	4.3268e+06	6.1067e+05	8.707e+05	
31.19	4.2979e+06	6.3177e+05	8.7848e+05	
31.501	4.2684e+06	6.5326e+05	8.8647e+05	
31.81	4.2384e+06	6.7514e+05	8.9469e+05	
32.118	4.2076e+06	6.9741e+05	9.0314e+05	
32.425	4.1763e+06	7.2009e+05	9.1184e+05	
32.731	4.1442e+06	7.4318e+05	9.2078e+05	
33.036	4.1115e+06	7.6671e+05	9.3e+05	
33.34	4.078e+06	7.9067e+05	9.3949e+05	
33.645	4.0438e+06	8.1509e+05	9.4927e+05	
33.95	4.0088e+06	8.3998e+05	9.5936e+05	
34.255	3.9731e+06	8.6535e+05	9.6978e+05	
34.562	3.9364e+06	8.9123e+05	9.8054e+05	
34.869	3.8989e+06	9.1764e+05	9.9167e+05	
35.179	3.8604e+06	9.446e+05	1.0032e+06	
35.49	3.8209e+06	9.7214e+05	1.0151e+06	
35.804	3.7804e+06	1.0003e+06	1.0275e+06	
36.122	3.7387e+06	1.0291e+06	1.0404e+06	
36.443	3.6958e+06	1.0586e+06	1.0538e+06	
36.768	3.6516e+06	1.0888e+06	1.0678e+06	
37.098	3.6061e+06	1.1198e+06	1.0824e+06	
37.434	3.559e+06	1.1516e+06	1.0976e+06	
37.777	3.5103e+06	1.1843e+06	1.1136e+06	
38.127	3.4598e+06	1.2179e+06	1.1304e+06	
38.486	3.4074e+06	1.2526e+06	1.1482e+06	
38.854	3.3529e+06	1.2884e+06	1.1669e+06	
39.233	3.2962e+06	1.3252e+06	1.1867e+06	
39.623	3.2372e+06	1.3633e+06	1.2077e+06	
40.045	3.1729e+06	1.4043e+06	1.231e+06	
40.476	3.1064e+06	1.4462e+06	1.2556e+06	
40.915	3.0383e+06	1.4885e+06	1.2814e+06	
41.357	2.9693e+06	1.5309e+06	1.308e+06	
41.796	2.9004e+06	1.5725e+06	1.3353e+06	
42.227	2.8326e+06	1.6128e+06	1.3628e+06	
42.646	2.7667e+06	1.6514e+06	1.3901e+06	
43.031	2.7062e+06	1.6862e+06	1.4158e+06	
43.401	2.6481e+06	1.719e+06	1.441e+06	
43.757	2.5924e+06	1.7501e+06	1.4657e+06	
44.1	2.5389e+06	1.7794e+06	1.4899e+06	
44.432	2.4874e+06	1.8071e+06	1.5138e+06	
44.754	2.4377e+06	1.8333e+06	1.5372e+06	
45.066	2.3898e+06	1.8581e+06	1.5602e+06	
45.37	2.3434e+06	1.8818e+06	1.583e+06	
45.667	2.2985e+06	1.9042e+06	1.6055e+06	
45.958	2.2548e+06	1.9256e+06	1.6278e+06	
46.228	2.2146e+06	1.9449e+06	1.6487e+06	
46.494	2.1753e+06	1.9634e+06	1.6695e+06	
46.755	2.1371e+06	1.981e+06	1.6901e+06	
47.013	2.0997e+06	1.9979e+06	1.7106e+06	
47.267	2.0632e+06	2.014e+06	1.7309e+06	
47.518	2.0275e+06	2.0295e+06	1.7512e+06	
47.766	1.9925e+06	2.0443e+06	1.7715e+06	
48.012	1.9581e+06	2.0584e+06	1.7916e+06	
48.256	1.9245e+06	2.0719e+06	1.8118e+06	
48.498	1.8914e+06	2.0848e+06	1.8319e+06	
48.738	1.859e+06	2.0972e+06	1.852e+06	
48.977	1.8271e+06	2.109e+06	1.8721e+06	
49.215	1.7957e+06	2.1202e+06	1.8923e+06	
49.452	1.7648e+06	2.131e+06	1.9124e+06	
49.689	1.7344e+06	2.1412e+06	1.9326e+06	
49.925	1.7044e+06	2.1509e+06	1.9529e+06	
50.16	1.6749e+06	2.1601e+06	1.9732e+06	
50.395	1.6458e+06	2.1689e+06	1.9935e+06	
50.63	1.6171e+06	2.1771e+06	2.014e+06	
50.865	1.5888e+06	2.1849e+06	2.0345e+06	
51.101	1.5608e+06	2.1923e+06	2.0551e+06	
51.337	1.5332e+06	2.1991e+06	2.0758e+06	
51.573	1.506e+06	2.2055e+06	2.0966e+06	
51.81	1.4791e+06	2.2115e+06	2.1176e+06	
52.048	1.4525e+06	2.217e+06	2.1387e+06	
52.287	1.4262e+06	2.2221e+06	2.1599e+06	
52.527	1.4002e+06	2.2267e+06	2.1812e+06	
52.768	1.3746e+06	2.2309e+06	2.2027e+06	
53.011	1.3492e+06	2.2346e+06	2.2244e+06	
53.255	1.3241e+06	2.2379e+06	2.2462e+06	
53.5	1.2992e+06	2.2408e+06	2.2682e+06	
53.748	1.2746e+06	2.2431e+06	2.2904e+06	
53.997	1.2503e+06	2.2451e+06	2.3128e+06	
54.249	1.2262e+06	2.2466e+06	2.3354e+06	
54.502	1.2024e+06	2.2476e+06	2.3582e+06	
54.758	1.1788e+06	2.2482e+06	2.3812e+06	
55.017	1.1554e+06	2.2483e+06	2.4045e+06	
55.278	1.1323e+06	2.2479e+06	2.428e+06	
55.542	1.1094e+06	2.2471e+06	2.4517e+06	
55.81	1.0867e+06	2.2458e+06	2.4757e+06	
56.08	1.0642e+06	2.244e+06	2.5e+06	
56.354	1.0419e+06	2.2417e+06	2.5246e+06	
56.631	1.0199e+06	2.2389e+06	2.5494e+06	
56.927	9.9688e+05	2.2354e+06	2.5759e+06	
57.228	9.7412e+05	2.2313e+06	2.6028e+06	
57.532	9.5161e+05	2.2266e+06	2.6299e+06	
57.842	9.2932e+05	2.2214e+06	2.6575e+06	
58.156	9.0728e+05	2.2156e+06	2.6854e+06	
58.476	8.8546e+05	2.2091e+06	2.7136e+06	
58.801	8.6387e+05	2.202e+06	2.7423e+06	
59.132	8.425e+05	2.1943e+06	2.7714e+06	
59.469	8.2136e+05	2.1859e+06	2.8009e+06	
59.812	8.0044e+05	2.1768e+06	2.8309e+06	
60.162	7.7974e+05	2.1671e+06	2.8613e+06	
60.52	7.5927e+05	2.1567e+06	2.8923e+06	
60.885	7.3901e+05	2.1455e+06	2.9237e+06	
61.258	7.1898e+05	2.1336e+06	2.9556e+06	
61.64	6.9917e+05	2.1209e+06	2.9881e+06	
62.03	6.7958e+05	2.1075e+06	3.0211e+06	
62.45	6.5926e+05	2.0926e+06	3.0563e+06	
62.879	6.3925e+05	2.0768e+06	3.0922e+06	
63.319	6.1955e+05	2.0601e+06	3.1285e+06	
63.769	6.0017e+05	2.0425e+06	3.1655e+06	
64.23	5.8111e+05	2.0241e+06	3.203e+06	
64.703	5.6237e+05	2.0048e+06	3.241e+06	
65.212	5.4304e+05	1.9834e+06	3.2817e+06	
65.733	5.2418e+05	1.9612e+06	3.3228e+06	
66.264	5.058e+05	1.9381e+06	3.3642e+06	
66.807	4.8792e+05	1.9142e+06	3.4061e+06	
67.389	4.6969e+05	1.8882e+06	3.4503e+06	
67.979	4.5216e+05	1.8615e+06	3.4945e+06	
68.607	4.3445e+05	1.8328e+06	3.541e+06	
69.235	4.177e+05	1.8038e+06	3.5867e+06	
69.864	4.0184e+05	1.7747e+06	3.6316e+06	
70.492	3.8683e+05	1.7455e+06	3.6759e+06	
71.12	3.7262e+05	1.7162e+06	3.7194e+06	
71.749	3.5916e+05	1.6869e+06	3.7621e+06	
72.377	3.464e+05	1.6576e+06	3.8042e+06	
73.005	3.3431e+05	1.6284e+06	3.8455e+06	
73.633	3.2284e+05	1.5993e+06	3.886e+06	
74.262	3.1196e+05	1.5704e+06	3.9258e+06	
74.89	3.0164e+05	1.5416e+06	3.9649e+06	
75.518	2.9184e+05	1.513e+06	4.0033e+06	
76.147	2.8253e+05	1.4847e+06	4.041e+06	
76.775	2.7368e+05	1.4565e+06	4.078e+06	
77.403	2.6528e+05	1.4287e+06	4.1142e+06	
78.032	2.5728e+05	1.4011e+06	4.1498e+06	
78.66	2.4968e+05	1.3739e+06	4.1846e+06	
79.288	2.4244e+05	1.3469e+06	4.2188e+06	
79.917	2.3554e+05	1.3203e+06	4.2523e+06	
80.545	2.2898e+05	1.294e+06	4.2852e+06	
81.173	2.2272e+05	1.2681e+06	4.3174e+06	
81.802	2.1676e+05	1.2425e+06	4.3489e+06	
82.43	2.1107e+05	1.2173e+06	4.3798e+06	
83.058	2.0564e+05	1.1924e+06	4.4101e+06	
83.687	2.0045e+05	1.1679e+06	4.4398e+06	
84.315	1.955e+05	1.1438e+06	4.4688e+06	
84.943	1.9078e+05	1.1201e+06	4.4973e+06	
85.572	1.8626e+05	1.0968e+06	4.5251e+06	
86.2	1.8194e+05	1.0738e+06	4.5524e+06	
86.828	1.778e+05	1.0513e+06	4.5791e+06	
87.457	1.7385e+05	1.0291e+06	4.6052e+06	
88.085	1.7006e+05	1.0073e+06	4.6308e+06	
88.713	1.6643e+05	9.8587e+05	4.6559e+06	
89.341	1.6296e+05	9.6483e+05	4.6804e+06	
89.97	1.5963e+05	9.4417e+05	4.7044e+06	
90.598	1.5644e+05	9.2389e+05	4.7279e+06	
91.226	1.5337e+05	9.0399e+05	4.7508e+06	
91.855	1.5044e+05	8.8445e+05	4.7733e+06	
92.483	1.4762e+05	8.6529e+05	4.7953e+06	
93.111	1.4491e+05	8.4649e+05	4.8168e+06	
93.74	1.4231e+05	8.2805e+05	4.8378e+06	
94.368	1.3981e+05	8.0996e+05	4.8584e+06	
94.996	1.3741e+05	7.9223e+05	4.8785e+06	
95.625	1.351e+05	7.7485e+05	4.8982e+06	
96.253	1.3288e+05	7.5782e+05	4.9175e+06	
96.881	1.3074e+05	7.4112e+05	4.9363e+06	
97.51	1.2868e+05	7.2476e+05	4.9547e+06	
98.138	1.267e+05	7.0872e+05	4.9728e+06	
98.766	1.248e+05	6.9302e+05	4.9904e+06	
99.395	1.2296e+05	6.7763e+05	5.0076e+06	
