0	5.1224e+06	11162	6.7464e+05	
0.62832	5.1197e+06	13570	6.7495e+05	
1.2566	5.1164e+06	16496	6.7532e+05	
1.885	5.1124e+06	20050	6.7577e+05	
2.5133	5.1075e+06	24365	6.7633e+05	
3.1416	5.1016e+06	29602	6.77e+05	
3.7321	5.0949e+06	35541	6.7776e+05	
4.2601	5.0878e+06	41849	6.7858e+05	
4.7272	5.0804e+06	48351	6.7941e+05	
5.1622	5.0726e+06	55302	6.8031e+05	
5.5487	5.0647e+06	62303	6.8122e+05	
5.9107	5.0564e+06	69650	6.8217e+05	
6.2513	5.0477e+06	77339	6.8317e+05	
6.5731	5.0386e+06	85366	6.8421e+05	
6.8781	5.0291e+06	93725	6.8531e+05	
7.1534	5.0198e+06	1.0196e+05	6.8638e+05	
7.4158	5.0102e+06	1.1045e+05	6.8749e+05	
7.6665	5.0003e+06	1.1921e+05	6.8864e+05	
7.9065	4.9901e+06	1.2823e+05	6.8983e+05	
8.1369	4.9796e+06	1.375e+05	6.9105e+05	
8.3585	4.9688e+06	1.4703e+05	6.9231e+05	
8.5719	4.9578e+06	1.5681e+05	6.9361e+05	
8.7778	4.9464e+06	1.6683e+05	6.9494e+05	
8.9769	4.9348e+06	1.771e+05	6.9631e+05	
9.1696	4.9229e+06	1.8761e+05	6.9771e+05	
9.3563	4.9107e+06	1.9837e+05	6.9915e+05	
9.5375	4.8982e+06	2.0936e+05	7.0063e+05	
9.7135	4.8854e+06	2.2059e+05	7.0214e+05	
9.8848	4.8724e+06	2.3205e+05	7.0369e+05	
10.043	4.8598e+06	2.4315e+05	7.052e+05	
10.197	4.847e+06	2.5444e+05	7.0673e+05	
10.348	4.834e+06	2.6592e+05	7.083e+05	
10.495	4.8207e+06	2.7761e+05	7.0989e+05	
10.639	4.8072e+06	2.8949e+05	7.1152e+05	
10.779	4.7934e+06	3.0156e+05	7.1319e+05	
10.917	4.7795e+06	3.1383e+05	7.1488e+05	
11.052	4.7653e+06	3.263e+05	7.1661e+05	
11.184	4.7509e+06	3.3895e+05	7.1837e+05	
11.314	4.7362e+06	3.518e+05	7.2016e+05	
11.442	4.7213e+06	3.6485e+05	7.2199e+05	
11.567	4.7063e+06	3.7808e+05	7.2385e+05	
11.69	4.6909e+06	3.9151e+05	7.2574e+05	
11.811	4.6754e+06	4.0513e+05	7.2767e+05	
11.93	4.6596e+06	4.1894e+05	7.2963e+05	
12.047	4.6436e+06	4.3295e+05	7.3163e+05	
12.163	4.6274e+06	4.4715e+05	7.3366e+05	
12.277	4.6109e+06	4.6154e+05	7.3573e+05	
12.389	4.5942e+06	4.7613e+05	7.3784e+05	
12.5	4.5773e+06	4.9091e+05	7.3999e+05	
12.61	4.5601e+06	5.0589e+05	7.4217e+05	
12.718	4.5427e+06	5.2107e+05	7.4439e+05	
12.825	4.5251e+06	5.3645e+05	7.4665e+05	
12.93	4.5072e+06	5.5202e+05	7.4894e+05	
13.035	4.4891e+06	5.678e+05	7.5128e+05	
13.138	4.4707e+06	5.8377e+05	7.5366e+05	
13.24	4.4521e+06	5.9996e+05	7.5609e+05	
13.342	4.4333e+06	6.1635e+05	7.5855e+05	
13.442	4.4142e+06	6.3294e+05	7.6106e+05	
13.542	4.3948e+06	6.4975e+05	7.6361e+05	
13.64	4.3752e+06	6.6677e+05	7.6621e+05	
13.738	4.3553e+06	6.8401e+05	7.6886e+05	
13.835	4.3352e+06	7.0146e+05	7.7155e+05	
13.932	4.3148e+06	7.1914e+05	7.7429e+05	
14.028	4.2941e+06	7.3704e+05	7.7708e+05	
14.123	4.2731e+06	7.5517e+05	7.7993e+05	
14.218	4.2518e+06	7.7353e+05	7.8282e+05	
14.312	4.2303e+06	7.9213e+05	7.8577e+05	
14.406	4.2084e+06	8.1097e+05	7.8878e+05	
14.499	4.1863e+06	8.3006e+05	7.9185e+05	
14.592	4.1638e+06	8.4939e+05	7.9497e+05	
14.685	4.141e+06	8.6899e+05	7.9816e+05	
14.778	4.1179e+06	8.8885e+05	8.0141e+05	
14.87	4.0945e+06	9.0898e+05	8.0473e+05	
14.962	4.0707e+06	9.2939e+05	8.0811e+05	
15.054	4.0465e+06	9.5008e+05	8.1157e+05	
15.146	4.022e+06	9.7107e+05	8.151e+05	
15.238	3.9971e+06	9.9236e+05	8.187e+05	
15.329	3.9718e+06	1.014e+06	8.2239e+05	
15.421	3.9461e+06	1.0359e+06	8.2616e+05	
15.514	3.92e+06	1.0582e+06	8.3002e+05	
15.606	3.8934e+06	1.0808e+06	8.3397e+05	
15.699	3.8664e+06	1.1038e+06	8.3801e+05	
15.791	3.8389e+06	1.1271e+06	8.4216e+05	
15.885	3.8109e+06	1.1509e+06	8.4642e+05	
15.979	3.7823e+06	1.1751e+06	8.5078e+05	
16.073	3.7532e+06	1.1997e+06	8.5527e+05	
16.168	3.7235e+06	1.2248e+06	8.5988e+05	
16.264	3.6932e+06	1.2504e+06	8.6463e+05	
16.361	3.6622e+06	1.2765e+06	8.6953e+05	
16.459	3.6305e+06	1.3031e+06	8.7458e+05	
16.558	3.598e+06	1.3304e+06	8.798e+05	
16.659	3.5647e+06	1.3583e+06	8.852e+05	
16.76	3.5305e+06	1.3868e+06	8.9079e+05	
16.864	3.4954e+06	1.4162e+06	8.966e+05	
16.97	3.4592e+06	1.4463e+06	9.0265e+05	
17.078	3.4218e+06	1.4774e+06	9.0896e+05	
17.188	3.3832e+06	1.5094e+06	9.1556e+05	
17.302	3.3431e+06	1.5426e+06	9.2248e+05	
17.419	3.3013e+06	1.5771e+06	9.2978e+05	
17.54	3.2578e+06	1.6129e+06	9.375e+05	
17.665	3.212e+06	1.6505e+06	9.4571e+05	
17.797	3.1638e+06	1.6899e+06	9.545e+05	
17.935	3.1125e+06	1.7317e+06	9.6398e+05	
18.082	3.0578e+06	1.7761e+06	9.7429e+05	
18.24	2.9987e+06	1.8239e+06	9.8562e+05	
18.41	2.9345e+06	1.8755e+06	9.9818e+05	
18.602	2.8613e+06	1.934e+06	1.0129e+06	
18.806	2.7836e+06	1.9957e+06	1.0288e+06	
19.009	2.7056e+06	2.0572e+06	1.0454e+06	
19.201	2.6321e+06	2.1147e+06	1.0613e+06	
19.377	2.5648e+06	2.167e+06	1.0764e+06	
19.538	2.5033e+06	2.2144e+06	1.0905e+06	
19.679	2.4495e+06	2.2556e+06	1.1031e+06	
19.811	2.3993e+06	2.2938e+06	1.1151e+06	
19.936	2.352e+06	2.3294e+06	1.1267e+06	
20.054	2.3074e+06	2.363e+06	1.1378e+06	
20.168	2.2648e+06	2.3947e+06	1.1486e+06	
20.277	2.2241e+06	2.4249e+06	1.1592e+06	
20.383	2.1849e+06	2.4537e+06	1.1695e+06	
20.486	2.1472e+06	2.4813e+06	1.1796e+06	
20.585	2.1108e+06	2.5078e+06	1.1895e+06	
20.682	2.0755e+06	2.5333e+06	1.1993e+06	
20.777	2.0412e+06	2.5579e+06	1.209e+06	
20.87	2.0079e+06	2.5817e+06	1.2186e+06	
20.962	1.9754e+06	2.6047e+06	1.228e+06	
21.051	1.9437e+06	2.627e+06	1.2374e+06	
21.14	1.9128e+06	2.6487e+06	1.2468e+06	
21.227	1.8825e+06	2.6697e+06	1.256e+06	
21.313	1.8528e+06	2.6901e+06	1.2653e+06	
21.398	1.8238e+06	2.71e+06	1.2744e+06	
21.482	1.7953e+06	2.7293e+06	1.2836e+06	
21.565	1.7674e+06	2.7481e+06	1.2927e+06	
21.648	1.7399e+06	2.7665e+06	1.3018e+06	
21.729	1.7129e+06	2.7844e+06	1.3109e+06	
21.811	1.6864e+06	2.8019e+06	1.3199e+06	
21.891	1.6603e+06	2.8189e+06	1.329e+06	
21.971	1.6346e+06	2.8356e+06	1.3381e+06	
22.051	1.6092e+06	2.8518e+06	1.3471e+06	
22.13	1.5843e+06	2.8677e+06	1.3562e+06	
22.209	1.5597e+06	2.8832e+06	1.3653e+06	
22.288	1.5355e+06	2.8983e+06	1.3744e+06	
22.366	1.5116e+06	2.9131e+06	1.3835e+06	
22.445	1.488e+06	2.9276e+06	1.3926e+06	
22.523	1.4647e+06	2.9417e+06	1.4018e+06	
22.601	1.4417e+06	2.9555e+06	1.411e+06	
22.678	1.419e+06	2.969e+06	1.4202e+06	
22.756	1.3966e+06	2.9821e+06	1.4294e+06	
22.834	1.3744e+06	2.995e+06	1.4387e+06	
22.911	1.3525e+06	3.0076e+06	1.4481e+06	
22.989	1.3309e+06	3.0198e+06	1.4574e+06	
23.067	1.3095e+06	3.0318e+06	1.4668e+06	
23.145	1.2884e+06	3.0435e+06	1.4763e+06	
23.223	1.2675e+06	3.0549e+06	1.4858e+06	
23.301	1.2468e+06	3.0661e+06	1.4954e+06	
23.379	1.2263e+06	3.0769e+06	1.505e+06	
23.457	1.2061e+06	3.0875e+06	1.5146e+06	
23.536	1.186e+06	3.0978e+06	1.5244e+06	
23.615	1.1662e+06	3.1078e+06	1.5342e+06	
23.694	1.1466e+06	3.1176e+06	1.544e+06	
23.773	1.1272e+06	3.1271e+06	1.5539e+06	
23.853	1.108e+06	3.1363e+06	1.5639e+06	
23.933	1.0889e+06	3.1453e+06	1.574e+06	
24.014	1.0701e+06	3.154e+06	1.5841e+06	
24.095	1.0514e+06	3.1624e+06	1.5943e+06	
24.176	1.033e+06	3.1706e+06	1.6046e+06	
24.257	1.0147e+06	3.1785e+06	1.615e+06	
24.34	9.9658e+05	3.1861e+06	1.6255e+06	
24.422	9.7864e+05	3.1935e+06	1.636e+06	
24.506	9.6088e+05	3.2007e+06	1.6466e+06	
24.589	9.4328e+05	3.2075e+06	1.6574e+06	
24.674	9.2586e+05	3.2141e+06	1.6682e+06	
24.759	9.0859e+05	3.2204e+06	1.6791e+06	
24.844	8.9149e+05	3.2265e+06	1.6902e+06	
24.93	8.7456e+05	3.2323e+06	1.7013e+06	
25.017	8.5778e+05	3.2378e+06	1.7126e+06	
25.105	8.4115e+05	3.2431e+06	1.7239e+06	
25.194	8.2469e+05	3.2481e+06	1.7354e+06	
25.283	8.0838e+05	3.2528e+06	1.747e+06	
25.373	7.9222e+05	3.2572e+06	1.7588e+06	
25.464	7.7621e+05	3.2614e+06	1.7706e+06	
25.556	7.6035e+05	3.2652e+06	1.7826e+06	
25.648	7.4464e+05	3.2688e+06	1.7947e+06	
25.742	7.2908e+05	3.2721e+06	1.807e+06	
25.837	7.1366e+05	3.2751e+06	1.8194e+06	
25.933	6.9839e+05	3.2778e+06	1.832e+06	
26.03	6.8326e+05	3.2802e+06	1.8447e+06	
26.128	6.6828e+05	3.2823e+06	1.8576e+06	
26.227	6.5344e+05	3.2841e+06	1.8706e+06	
26.328	6.3873e+05	3.2856e+06	1.8838e+06	
26.43	6.2417e+05	3.2868e+06	1.8972e+06	
26.533	6.0975e+05	3.2876e+06	1.9108e+06	
26.638	5.9547e+05	3.2881e+06	1.9246e+06	
26.744	5.8132e+05	3.2883e+06	1.9385e+06	
26.852	5.6732e+05	3.2881e+06	1.9527e+06	
26.961	5.5344e+05	3.2876e+06	1.9671e+06	
27.072	5.3971e+05	3.2868e+06	1.9817e+06	
27.185	5.2611e+05	3.2856e+06	1.9965e+06	
27.299	5.1265e+05	3.284e+06	2.0116e+06	
27.416	4.9932e+05	3.282e+06	2.0269e+06	
27.535	4.8612e+05	3.2796e+06	2.0424e+06	
27.655	4.7306e+05	3.2769e+06	2.0583e+06	
27.778	4.6013e+05	3.2737e+06	2.0744e+06	
27.903	4.4734e+05	3.2701e+06	2.0907e+06	
28.031	4.3468e+05	3.2661e+06	2.1074e+06	
28.161	4.2215e+05	3.2616e+06	2.1244e+06	
28.294	4.0975e+05	3.2567e+06	2.1417e+06	
28.429	3.9749e+05	3.2513e+06	2.1594e+06	
28.568	3.8536e+05	3.2454e+06	2.1774e+06	
28.71	3.7336e+05	3.2391e+06	2.1958e+06	
28.855	3.6149e+05	3.2322e+06	2.2145e+06	
29.003	3.4975e+05	3.2247e+06	2.2337e+06	
29.155	3.3815e+05	3.2167e+06	2.2533e+06	
29.311	3.2668e+05	3.2082e+06	2.2733e+06	
29.471	3.1535e+05	3.199e+06	2.2939e+06	
29.644	3.0357e+05	3.1886e+06	2.316e+06	
29.822	2.9195e+05	3.1776e+06	2.3387e+06	
30.006	2.8049e+05	3.1658e+06	2.3619e+06	
30.195	2.6919e+05	3.1532e+06	2.3858e+06	
30.39	2.5806e+05	3.1398e+06	2.4103e+06	
30.591	2.4709e+05	3.1255e+06	2.4356e+06	
30.8	2.3628e+05	3.1103e+06	2.4616e+06	
31.015	2.2565e+05	3.0942e+06	2.4883e+06	
31.239	2.1518e+05	3.0771e+06	2.5159e+06	
31.471	2.0488e+05	3.0589e+06	2.5444e+06	
31.712	1.9476e+05	3.0396e+06	2.5739e+06	
31.964	1.8482e+05	3.0191e+06	2.6043e+06	
32.226	1.7507e+05	2.9973e+06	2.6358e+06	
32.499	1.655e+05	2.9742e+06	2.6685e+06	
32.799	1.5568e+05	2.9485e+06	2.7041e+06	
33.113	1.4611e+05	2.9212e+06	2.7409e+06	
33.442	1.3682e+05	2.8922e+06	2.7791e+06	
33.786	1.2782e+05	2.8617e+06	2.8187e+06	
34.145	1.1913e+05	2.8295e+06	2.8596e+06	
34.521	1.1078e+05	2.7955e+06	2.9019e+06	
34.913	1.0279e+05	2.76e+06	2.9454e+06	
35.34	94835	2.7211e+06	2.9922e+06	
35.782	87366	2.6808e+06	3.04e+06	
36.236	80395	2.6394e+06	3.0883e+06	
36.702	73930	2.5971e+06	3.1371e+06	
37.177	67966	2.5542e+06	3.186e+06	
37.659	62492	2.5108e+06	3.2349e+06	
38.172	57245	2.465e+06	3.2859e+06	
38.689	52488	2.4193e+06	3.3364e+06	
39.209	48179	2.3738e+06	3.3862e+06	
39.731	44276	2.3285e+06	3.4354e+06	
40.256	40740	2.2836e+06	3.4838e+06	
40.784	37533	2.2391e+06	3.5315e+06	
41.313	34622	2.1951e+06	3.5785e+06	
41.845	31976	2.1515e+06	3.6247e+06	
42.38	29568	2.1083e+06	3.6703e+06	
42.917	27374	2.0657e+06	3.7151e+06	
43.457	25372	2.0235e+06	3.7593e+06	
44.001	23543	1.9818e+06	3.8028e+06	
44.548	21869	1.9406e+06	3.8457e+06	
45.127	20260	1.8977e+06	3.8902e+06	
45.709	18794	1.8555e+06	3.9339e+06	
46.294	17457	1.814e+06	3.9768e+06	
46.881	16237	1.773e+06	4.0189e+06	
47.472	15121	1.7327e+06	4.0603e+06	
48.066	14099	1.693e+06	4.101e+06	
48.694	13116	1.652e+06	4.1431e+06	
49.323	12223	1.6119e+06	4.1841e+06	
49.951	11411	1.5727e+06	4.2241e+06	
50.579	10670	1.5344e+06	4.2631e+06	
51.208	9993.2	1.497e+06	4.3012e+06	
51.836	9374.6	1.4604e+06	4.3384e+06	
52.464	8808	1.4248e+06	4.3746e+06	
53.093	8288.2	1.3899e+06	4.41e+06	
53.721	7810.7	1.3559e+06	4.4445e+06	
54.349	7371.4	1.3227e+06	4.4781e+06	
54.978	6966.7	1.2902e+06	4.511e+06	
55.606	6593.3	1.2586e+06	4.543e+06	
56.234	6248.3	1.2277e+06	4.5742e+06	
56.863	5929.2	1.1975e+06	4.6047e+06	
57.491	5633.7	1.1681e+06	4.6344e+06	
58.119	5359.5	1.1394e+06	4.6634e+06	
58.747	5105	1.1114e+06	4.6917e+06	
59.376	4868.4	1.084e+06	4.7193e+06	
60.004	4648.2	1.0573e+06	4.7462e+06	
60.632	4443	1.0313e+06	4.7724e+06	
61.261	4251.5	1.0059e+06	4.798e+06	
61.889	4072.8	9.8111e+05	4.823e+06	
62.517	3905.6	9.5693e+05	4.8473e+06	
63.146	3749.2	9.3334e+05	4.8711e+06	
63.774	3602.7	9.1032e+05	4.8943e+06	
64.402	3465.4	8.8786e+05	4.9169e+06	
65.031	3336.4	8.6596e+05	4.9389e+06	
65.659	3215.3	8.4459e+05	4.9604e+06	
66.287	3101.3	8.2374e+05	4.9813e+06	
66.916	2994.1	8.034e+05	5.0018e+06	
67.544	2893.1	7.8356e+05	5.0217e+06	
68.172	2797.9	7.6421e+05	5.0412e+06	
68.801	2708.1	7.4533e+05	5.0601e+06	
69.429	2623.2	7.2692e+05	5.0786e+06	
70.057	2543	7.0896e+05	5.0967e+06	
70.686	2467.1	6.9144e+05	5.1143e+06	
71.314	2395.3	6.7435e+05	5.1314e+06	
71.942	2327.3	6.5768e+05	5.1482e+06	
72.57	2262.9	6.4143e+05	5.1645e+06	
73.199	2201.7	6.2557e+05	5.1804e+06	
73.827	2143.6	6.101e+05	5.1959e+06	
74.455	2088.5	5.9501e+05	5.2111e+06	
75.084	2036.1	5.803e+05	5.2258e+06	
75.712	1986.2	5.6595e+05	5.2402e+06	
76.34	1938.8	5.5195e+05	5.2543e+06	
76.969	1893.6	5.383e+05	5.268e+06	
77.597	1850.6	5.2498e+05	5.2813e+06	
78.225	1809.5	5.1199e+05	5.2944e+06	
78.854	1770.4	4.9932e+05	5.3071e+06	
79.482	1733	4.8697e+05	5.3195e+06	
80.11	1697.3	4.7492e+05	5.3316e+06	
80.739	1663.2	4.6317e+05	5.3433e+06	
81.367	1630.6	4.5171e+05	5.3548e+06	
81.995	1599.5	4.4053e+05	5.3661e+06	
82.624	1569.7	4.2962e+05	5.377e+06	
83.252	1541.1	4.1899e+05	5.3876e+06	
83.88	1513.8	4.0862e+05	5.398e+06	
84.509	1487.6	3.985e+05	5.4082e+06	
85.137	1462.5	3.8864e+05	5.4181e+06	
85.765	1438.4	3.7902e+05	5.4277e+06	
86.394	1415.3	3.6963e+05	5.4371e+06	
87.022	1393.1	3.6048e+05	5.4463e+06	
87.65	1371.8	3.5156e+05	5.4552e+06	
88.278	1351.4	3.4285e+05	5.464e+06	
88.907	1331.7	3.3436e+05	5.4725e+06	
89.535	1312.8	3.2609e+05	5.4808e+06	
90.163	1294.7	3.1801e+05	5.4889e+06	
90.792	1277.2	3.1014e+05	5.4968e+06	
91.42	1260.4	3.0246e+05	5.5045e+06	
92.048	1244.2	2.9497e+05	5.512e+06	
92.677	1228.6	2.8766e+05	5.5193e+06	
93.305	1213.6	2.8054e+05	5.5264e+06	
93.933	1199.1	2.7359e+05	5.5334e+06	
94.562	1185.2	2.6681e+05	5.5402e+06	
95.19	1171.8	2.6021e+05	5.5468e+06	
95.818	1158.8	2.5376e+05	5.5533e+06	
96.447	1146.3	2.4748e+05	5.5596e+06	
97.075	1134.3	2.4135e+05	5.5657e+06	
97.703	1122.6	2.3537e+05	5.5717e+06	
98.332	1111.4	2.2954e+05	5.5775e+06	
98.96	1100.6	2.2385e+05	5.5832e+06	
99.588	1090.1	2.1831e+05	5.5888e+06	
